1
2
5
11
18
20
21
31
32
61
66
75
78
81
82
85
86
87
108
111
159
161
163
165
183
184
190
192
194
196
214
230
243
261
262
263
265
266
267
268
273
275
295
329
337
339
341
342
347
353
366
376
377
378
380
387
391
392
396
397
400
401
418
432
436
440
453
456
512
519
539
547
548
549
552
553
555
567
569
587
593
613
614
619
621
634
642
645
647
650
651
652
661
670
675
678
682
683
687
695
702
712
722
743
776
782
783
788
789
790
797
798
799
800
801
823
827
833
834
835
838
843
845
848
872
875
928
929
934
936
941
946
955
980
981
1001
1019
1050
1051
1052
1053
1056
1062
1063
1065
1068
1101
1103
1116
1125
1151
1152
1159
1167
1168
1169
1170
1171
1172
1173
1178
1179
1181
1182
1183
1201
1206
1209
1216
1226
1237
1257
1258
1259
1260
1262
1263
1269
1272
1276
1277
1278
1279
1297
1298
1303
1308
1311
1312
1318
1350
1353
1354
1357
1368
1375
1376
1377
1379
1397
1398
1400
1409
1410
1411
1425
1429
1431
1432
1438
1439
1443
1444
1454
1455
1456
1457
1458
1459
1460
1475
1477
1483
1485
1486
1489
1490
1517
1523
1531
1563
1564
1577
1580
1588
1589
1590
1591
1607
1638
1658
1665
1674
1691
1692
1693
1694
1695
1696
1708
1709
1728
1729
1731
1732
1737
1738
1754
1771
1780
1826
1827
1828
1878
1879
1883
1897
1905
1919
1928
1951
1957
1960
1980
1988
1996
2010
2011
2021
2033
2036
2038
2068
2076
2079
2093
2095
2101
2102
2111
2133
2156
2159
2161
2174
2183
2185
2187
2209
2210
2213
2217
2219
2227
2228
2237
2238
2255
2263
2278
2279
2281
2286
2296
2302
2303
2315
2316
2320
2321
2322
2325
2327
2355
2366
2370
2378
2403
2409
2426
2427
2428
2431
2444
2465
2468
2469
2470
2471
2483
2488
2489
2496
2500
2507
2584
2612
2627
2628
2629
2631
2633
2677
2678
2734
2744
2747
2794
2806
2807
2808
2823
2841
2867
2874
2877
2892
2917
2928
2930
2932
2934
2936
2938
2940
2942
2944
2966
2979
2998
3020
3021
3023
3024
3025
3032
3033
3034
3066
3078
3117
3149
3151
3169
3192
3193
3200
3203
3205
3213
3224
3225
3234
3244
3247
3263
3266
3300
3311
3314
3315
3332
3354
3365
3366
3369
3394
3395
3421
3422
3425
3428
3435
3436
3437
3457
3458
3461
3491
3558
3573
3574
3596
3620
3623
3643
3645
3680
3682
3689
3695
3697
3731
3732
3734
3739
3749
3753
3763
3764
3765
3766
3767
3768
3775
3799
3800
3801
3802
3803
3804
3805
3814
3815
3816
3817
3818
3819
3843
3956
4012
4022
4034
4052
4130
4217
4263
4292
4309
4322
4325
4331
4338
4340
4344
4355
4376
4377
4378
4379
4381
4383
4384
4385
4394
4395
4398
4420
4435
4440
4487
4521
4522
4539
4551
4553
4554
4564
4582
4606
4619
4621
4622
4625
4634
4639
4650
4693
4714
4715
4716
4794
4797
4799
4800
4818
4842
4948
4951
4988
5003
5004
5007
5034
5051
5086
5094
5115
5129
5136
5149
5208
5225
5312
5333
5341
5342
5345
5354
5356
5383
5419
5420
5442
5473
5480
5510
5513
5514
5518
5575
5706
5735
5736
5743
5744
5745
5936
5937
6028
6035
6085
6086
6087
6088
6101
6133
6135
6136
6138
6140
6162
6167
6170
6209
6252
6255
6257
6258
6268
6378
6389
6393
6415
6605
6671
6757
6758
6759
6777
6851
6909
7024
7094
7322
7323
7335
7351
7374
7489
7612
7698
12
13
14
15
16
17
23
24
27
34
42
47
48
49
50
52
53
76
77
92
93
94
95
96
97
98
99
100
101
117
126
127
132
151
155
167
171
176
182
186
200
201
204
205
207
208
209
210
211
213
218
223
225
226
237
238
239
240
270
279
280
283
284
299
300
301
302
304
306
315
316
320
321
352
355
367
386
388
389
390
398
399
405
412
413
415
422
439
441
449
452
464
476
479
480
481
482
502
503
506
508
511
515
516
517
525
526
530
533
534
535
538
543
546
556
566
571
579
584
595
596
604
610
615
616
617
631
632
639
641
646
649
671
672
673
696
698
701
703
704
714
721
723
733
734
735
736
737
745
746
748
751
752
753
755
756
757
758
759
762
769
770
771
772
786
796
830
837
844
849
850
851
859
863
866
867
871
873
880
892
902
923
924
932
935
937
938
943
948
949
950
957
959
960
961
964
965
972
973
974
975
976
978
979
982
983
984
991
996
1002
1009
1010
1021
1028
1043
1046
1054
1060
1061
1085
1087
1088
1100
1102
1120
1123
1130
1131
1132
1142
1154
1155
1196
1207
1212
1213
1214
1217
1218
1221
1222
1228
1229
1230
1231
1232
1233
1234
1241
1256
1264
1265
1273
1274
1275
1292
1304
1305
1307
1317
1319
1320
1322
1324
1327
1328
1329
1330
1346
1352
1359
1380
1399
1402
1403
1405
1412
1418
1419
1420
1424
1430
1440
1462
1463
1464
1465
1469
1476
1478
1479
1480
1481
1482
1484
1487
1488
1508
1509
1510
1521
1530
1535
1549
1550
1559
1561
1562
1570
1594
1596
1597
1608
1609
1617
1618
1622
1632
1633
1636
1637
1645
1668
1672
1676
1690
1723
1724
1725
1726
1733
1735
1736
1742
1743
1745
1746
1748
1763
1765
1769
1770
1778
1779
1785
1786
1795
1798
1799
1812
1813
1825
1838
1839
1862
1881
1890
1911
1918
1929
1936
1941
1943
1961
1969
1992
2022
2023
2024
2032
2040
2059
2070
2080
2112
2113
2114
2115
2116
2117
2118
2121
2122
2132
2140
2152
2153
2179
2200
2208
2211
2212
2226
2257
2273
2290
2295
2299
2300
2301
2309
2310
2358
2367
2368
2382
2383
2384
2385
2388
2390
2401
2412
2414
2417
2418
2420
2421
2422
2430
2436
2443
2466
2484
2487
2490
2494
2495
2497
2499
2508
2509
2515
2524
2541
2555
2561
2563
2573
2580
2581
2582
2583
2587
2588
2589
2591
2593
2594
2603
2607
2626
2644
2645
2668
2672
2679
2684
2685
2689
2699
2705
2706
2714
2719
2727
2729
2737
2738
2754
2755
2785
2788
2789
2790
2802
2803
2804
2805
2809
2837
2838
2839
2840
2847
2848
2850
2860
2863
2871
2872
2886
2887
2889
2890
2893
2894
2895
2908
2924
2965
2970
2980
2993
2994
2995
3001
3009
3019
3037
3038
3046
3047
3053
3063
3064
3070
3087
3088
3104
3112
3120
3129
3135
3143
3145
3148
3153
3154
3156
3167
3176
3178
3185
3195
3206
3222
3231
3233
3248
3250
3251
3262
3283
3293
3294
3302
3303
3312
3313
3316
3317
3318
3319
3334
3341
3351
3364
3372
3383
3386
3387
3406
3407
3409
3412
3413
3432
3433
3438
3445
3447
3451
3452
3454
3455
3478
3479
3480
3481
3482
3483
3484
3485
3486
3495
3496
3498
3499
3505
3506
3507
3511
3512
3548
3565
3566
3581
3585
3592
3593
3594
3595
3615
3631
3644
3646
3647
3651
3677
3681
3683
3690
3691
3700
3712
3713
3714
3723
3724
3725
3729
3736
3740
3741
3743
3744
3751
3752
3759
3760
3789
3791
3792
3793
3796
3807
3827
3844
3847
3853
3857
3863
3864
3865
3869
3870
3877
3878
3945
3947
3977
3978
3979
3980
4004
4008
4010
4011
4013
4015
4027
4028
4035
4048
4053
4054
4055
4056
4057
4059
4060
4061
4072
4073
4112
4119
4125
4126
4127
4128
4129
4148
4192
4197
4198
4201
4202
4204
4213
4239
4240
4251
4252
4255
4257
4274
4276
4282
4283
4294
4310
4333
4334
4350
4363
4370
4380
4382
4392
4402
4411
4412
4413
4418
4419
4423
4424
4427
4428
4488
4489
4490
4499
4523
4524
4532
4534
4538
4546
4550
4573
4578
4579
4586
4590
4591
4592
4593
4594
4595
4615
4616
4626
4635
4656
4657
4671
4705
4717
4726
4731
4756
4766
4771
4772
4776
4784
4804
4820
4824
4825
4826
4874
4877
4878
4898
4907
4908
4944
4963
4968
4995
4997
5009
5019
5036
5041
5050
5056
5058
5076
5078
5079
5085
5089
5099
5100
5101
5102
5103
5104
5105
5106
5130
5131
5132
5133
5134
5135
5137
5138
5159
5160
5161
5162
5163
5174
5181
5182
5183
5184
5185
5187
5193
5233
5237
5238
5240
5253
5254
5262
5275
5276
5292
5320
5322
5324
5353
5396
5397
5398
5421
5426
5427
5428
5429
5430
5431
5432
5450
5492
5520
5521
5522
5523
5524
5536
5537
5553
5554
5567
5568
5578
5579
5580
5581
5582
5660
5661
5689
5690
5692
5701
5725
5726
5727
5728
5729
5732
5782
5785
5793
5794
5795
5796
5797
5798
5803
5812
5813
5814
5860
5867
5890
5891
5894
5895
5896
5897
5902
5909
5931
5941
5942
5943
5973
5978
6013
6108
6118
6121
6139
6153
6157
6189
6190
6191
6192
6193
6194
6195
6196
6197
6198
6229
6391
6392
6394
6417
6418
6419
6420
6421
6422
6423
6424
6441
6442
6448
6449
6527
6528
6645
6649
6695
6696
6698
6783
6802
6864
6871
6872
6910
7020
7111
7112
7154
7155
7156
7166
7167
7169
7170
7185
7186
7192
7193
7194
7229
7264
7298
7324
7325
7330
7333
7354
7364
7365
7510
7673
7674
7704
7705
7706
7857
