10
75
108
173
259
293
337
338
339
364
451
459
460
463
502
541
648
655
665
872
948
955
956
1017
1070
1173
1356
1411
1419
1420
1484
1515
1524
1534
1596
1599
1766
1892
1907
1934
1941
1942
1966
1967
1981
2011
2024
2067
2069
2081
2091
2123
2161
2162
2164
2176
2197
2219
2222
2278
2289
2290
2292
2367
2385
2441
2573
2574
2580
2587
2632
2676
2713
2747
2828
2863
2928
2930
2932
2993
3082
3131
3144
3154
3157
3162
3165
3166
3167
3177
3183
3278
3280
3299
3342
3356
3372
3612
3648
3672
3683
3684
3690
3709
3761
3772
3837
3860
3866
