54
119
325
348
365
372
373
392
393
407
427
517
655
726
745
782
786
798
819
820
830
871
913
995
1066
1072
1087
1095
1098
1159
1211
1292
1305
1347
1348
1383
1485
1486
1493
1531
1532
1553
1554
1577
1611
1675
1761
1762
1763
1796
1797
1816
1817
1822
1843
1857
1879
1883
1899
1901
1913
1951
2003
2015
2073
2183
2202
2281
2395
2535
2589
2613
2615
2617
2637
2638
2643
2657
2717
2788
2838
2899
2917
2931
2932
2974
2978
2979
3081
3091
3138
3264
3284
3286
3325
3326
3341
3377
3420
3422
3519
3523
3527
3543
3559
3569
3571
3595
3599
3631
3643
3667
3679
3689
3995
4013
4054
4111
4138
4139
4140
4187
4287
4288
4349
4508
4585
4595
4656
4669
4696
4722
4775
4822
4881
4889
4890
4892
4946
4950
4962
5043
5050
5075
5090
5111
5147
5266
5322
5336
5343
5345
5435
5470
5477
5479
5496
5521
5653
5717
