10
13
33
85
113
145
189
196
198
211
228
245
280
321
339
369
420
471
482
552
576
577
578
591
626
634
681
682
736
746
766
769
811
817
866
890
912
922
923
931
961
1016
1024
1046
1083
1084
1085
1144
1202
1231
1288
1304
1364
1384
1418
1492
1573
1618
1666
1703
1733
1831
1835
1838
1839
1840
1847
1881
2012
2033
2040
2042
2056
2092
2111
2116
2139
2143
2145
2241
2264
2294
2322
2350
2460
2630
2661
2727
2733
2742
2792
2808
2869
2922
2961
2987
2995
3019
3114
3151
3178
3182
3184
3203
3224
3237
3301
3325
3412
3452
3474
3523
3552
3555
3569
3594
3656
3684
3691
3730
3750
3758
3769
3771
3774
3796
3909
3973
4005
4038
4081
4096
4105
4126
4154
4261
4271
4323
4374
4394
4403
4429
4439
4447
4465
4530
4535
4568
4590
4616
4618
4624
4630
4656
4749
4770
4785
4822
4839
4840
4843
4844
4847
4874
4886
4887
4910
4917
4919
4928
4943
4945
4994
5017
5043
5078
5094
5101
5104
5116
5119
5154
5169
5205
5252
5299
5307
5311
5313
5318
5330
5351
5352
5363
5542
5554
5555
5556
5557
5589
5600
5603
5605
5610
5617
5665
5703
5705
5743
5747
5753
5755
5756
5757
5775
5787
5801
5805
