7
27
35
41
69
224
387
398
403
431
433
438
465
476
516
537
613
634
640
658
673
701
702
730
742
744
765
830
838
848
855
940
962
963
995
1010
1011
1038
1056
1105
1119
1207
1213
1318
1502
1513
1514
1515
1516
1557
1641
1642
1673
1705
1729
1730
1732
1734
1775
1777
1801
1851
1874
1875
1889
1893
1897
1907
1990
2003
2006
2016
2017
2018
2025
2033
2057
2086
2091
2092
2093
2096
2101
2110
2111
2124
2133
2139
2143
2173
2187
2226
2277
2294
2296
2298
2299
2301
2303
2333
2355
2380
2449
2450
2453
2462
2463
2521
2543
2567
2574
2601
2628
2657
2685
2705
2970
2972
2978
3012
3019
3020
3111
3117
3193
3211
3223
3230
3251
3256
3288
3331
3362
3422
3423
3453
3474
3476
3478
3484
3486
3489
3491
3493
3555
3559
3569
3577
3579
3609
3669
3674
3679
3706
3720
3729
3739
3743
3845
3855
3859
3906
3973
3975
3993
4007
4073
4100
4101
4102
4119
4121
4173
4179
4202
4203
4212
4243
4263
4273
4427
4442
4523
4549
4558
4559
4560
4573
4577
4608
4650
4666
4690
4717
4729
4739
4775
4778
4779
4780
4790
4827
4843
4844
4850
4857
4865
4876
4885
4902
4961
5013
5074
5078
5081
5099
5118
5167
5187
5194
5221
5232
5286
5342
5344
5365
5367
5371
5377
5381
5385
5387
5392
5398
5406
5412
5414
5429
5469
5494
5510
5514
5566
5635
5637
5664
5693
5708
5779
5794
5798
5820
5824
5861
5887
5888
5893
5894
5895
6113
6169
6171
6172
6186
6213
6215
6260
6381
6390
6395
6411
6488
6500
6513
6521
6524
6538
6553
6602
6628
6722
6726
6732
6733
6734
6735
6736
6811
6812
6813
6815
6842
6856
6867
6872
6880
6891
6894
6932
6936
6956
6958
6970
6993
7076
7097
7106
7128
7189
7197
7235
7261
7323
7397
7420
7424
7428
7436
7452
7454
7470
7575
7581
7582
7606
7624
7625
7691
7696
7697
7718
7722
7723
7744
7822
7834
7900
7908
8001
8065
8085
8131
8148
8153
8156
8176
8180
8181
8228
8229
8239
8240
8243
8244
8245
8276
8277
8284
8303
8308
8326
8327
8333
8334
8338
8340
8365
8367
8375
8390
8406
8407
8408
8426
8579
8713
8771
8781
8796
8813
8827
8828
8830
8839
8892
8935
8936
8950
8955
8956
8968
8981
8982
8983
8984
8994
9000
9004
9009
9053
9057
9059
9089
9112
9113
9143
9148
9151
9157
9158
9161
9166
9167
9172
9176
9179
9226
9231
9241
9243
9247
9248
9249
9264
9269
9271
9272
9273
9274
9278
9284
9345
9346
9355
9356
9360
9361
9377
9393
9395
9402
9459
9460
9465
9473
9483
9486
9520
9521
9528
9529
9530
9532
9534
9539
9540
9541
9545
9550
9552
9560
9564
9566
9568
9569
