1
21
42
48
83
100
101
102
103
104
105
113
115
117
122
124
133
135
139
149
152
176
213
215
219
234
235
238
241
242
243
247
267
286
311
317
318
335
336
337
338
339
340
346
349
361
366
367
397
402
411
412
432
463
465
498
499
520
529
537
538
547
572
586
588
600
627
635
674
689
690
691
715
740
745
746
756
758
764
768
772
774
776
804
814
817
818
826
833
848
849
853
859
863
887
888
897
942
944
946
948
953
959
1005
1007
1031
1032
1034
1038
1039
1041
1042
1059
1060
1062
1090
1119
1121
1123
1126
1127
1128
1133
1187
1189
1191
1195
1205
1214
1240
1249
1251
1262
1272
1279
1291
1307
1321
1327
1345
1347
1348
1349
1356
1362
1368
1372
1447
1499
1504
1518
1524
1534
1537
1551
1557
1569
1593
1611
1614
1623
1634
1637
1641
1649
1657
1670
1705
1709
1710
1731
1736
1750
1751
1753
1754
1773
1775
1782
1783
1785
1788
1790
1791
1798
1819
1820
1821
1897
1931
1944
1969
2008
2014
2040
2042
2048
2060
2070
2071
2085
2088
2090
2095
2123
2145
2153
2155
2176
2177
2180
2181
2201
2205
2206
2207
2209
2210
2213
2214
2222
2224
2232
2240
2246
2259
2260
2294
2295
2303
2305
2311
2316
2317
2327
2328
2333
2334
2335
2345
2360
2361
2362
2364
2367
2368
2369
2376
2378
2384
2385
2391
2441
2450
2453
2469
2476
2506
2508
2510
2540
2542
2577
2593
2600
2602
2603
2619
2631
2663
2682
2690
2695
2748
2750
2752
2754
2759
2770
2773
2794
2812
2835
2837
2843
2848
2884
2893
2904
2905
2910
2912
2915
2929
2944
2946
2948
2949
2950
2951
2974
2975
2977
2993
2994
2999
3000
3001
3003
3005
3007
3008
3041
3058
3059
3060
3093
3101
3103
3118
3154
3173
3182
3186
3193
3194
3195
3203
3209
3213
3234
3248
3255
3256
3258
3265
3266
3267
3282
3283
3307
3310
3326
3333
3346
3350
3351
3352
3359
3360
3373
3384
3391
3393
3395
3404
3405
3428
3453
3612
3616
3625
3627
3628
3629
3632
3633
3636
3658
3686
3690
3699
3703
3704
3764
3778
3791
3852
3855
3859
3872
3900
3902
3918
3919
3931
3947
3960
3961
3980
3982
4001
4023
4037
4039
4040
4042
4043
4044
4048
4074
4078
4110
4111
4125
4127
4129
4130
4145
4156
4169
4188
4190
4215
4216
4217
4219
4220
4297
4298
4299
4307
4317
4318
4330
4339
4381
4382
4397
4398
4399
4405
4413
4417
4418
4420
4503
4504
4505
4507
4538
4540
4544
4601
4602
4603
4618
4621
4656
4657
4658
4661
4672
4676
4696
4700
4708
4736
4738
4739
4763
4764
4779
4780
4782
4801
4809
4810
4818
4822
4823
4824
4833
4839
4853
4857
4858
4863
4865
4874
4880
4889
4905
4930
4945
4961
4962
4965
4970
5000
5019
5021
5040
5041
5042
5045
5051
5052
5059
5084
5086
5087
5088
5089
5100
5113
5115
5124
5156
5160
5165
5168
5176
5179
5216
5243
5244
5245
5254
5255
5342
5343
5401
5402
5444
5456
5470
5472
5486
5487
5490
5492
5504
5507
5512
5548
5553
5562
5563
5580
5605
5607
5610
5611
5612
5614
5615
5616
5617
5625
5637
5651
5652
5653
5654
5656
5657
5658
5659
5661
5662
5672
5686
5687
5693
5696
5702
5708
5732
5738
5747
5748
5749
5750
5781
5784
5790
5792
5803
5840
5843
5844
5851
5877
5879
5887
5891
5892
5894
5918
5931
5932
5933
5939
5946
5949
5950
5975
5993
6013
6018
6024
6048
6060
6062
6063
6075
6076
6077
6079
6093
6094
6096
6102
6106
6107
6111
6113
6117
6118
6127
6158
6163
6167
6183
6215
6216
6229
6240
6252
6268
6299
6300
6301
6302
6310
6311
6312
6313
6314
6344
6348
6349
6355
6364
6380
6381
6382
6385
6406
6408
6410
6411
6414
6429
6433
6482
6484
6485
6486
6498
6503
6514
6520
6543
6563
6564
6571
6572
6577
6586
6592
6612
6614
6619
6628
6651
6654
6665
6702
6734
6739
6750
6763
6765
6773
6785
6788
6795
6800
6830
6838
6840
6846
6852
6854
6859
6870
6890
6898
6912
6983
6984
6985
6995
6996
7008
7014
7015
7016
7018
7031
7041
7076
7098
7102
7124
7140
7141
7142
7144
7150
7151
7152
7153
7154
7158
7159
7160
7161
7163
7164
7165
7166
7167
7171
7173
7181
7186
7194
7195
7197
7199
7200
7221
7227
7238
7239
7256
7269
7270
7278
7299
7302
7307
7337
7340
7341
7357
7384
7386
7392
7397
7398
7401
7409
7411
7421
7427
7446
7460
7464
7478
7483
7492
7498
7499
7500
7502
7503
7509
7526
7527
7552
7565
7567
7569
7573
7580
7581
7587
7611
7627
7628
7639
7654
7667
7685
7705
7706
7708
7724
7726
7730
7736
7747
7750
7755
7756
7757
7758
7766
7775
7834
7868
7869
7870
7872
7873
7875
7878
7879
7880
7888
7899
7909
7918
7919
7920
7922
7931
7932
7934
7937
7941
7961
7976
7985
7987
7988
8009
8015
8016
8021
8022
8023
8024
8025
8026
8046
8064
8080
8130
8131
8152
8153
8155
8160
8174
8175
8176
8188
8196
8201
8203
8217
8218
8224
8235
8254
8255
8258
8264
8271
8281
8288
8313
8328
8334
8341
8360
8385
8386
8387
8422
8426
8428
8429
8430
8431
8432
8433
8434
8435
8440
8441
8442
8443
8444
8445
8460
8475
8477
8478
8499
8501
8505
8506
8521
8522
8545
8546
8556
8624
8628
8629
8637
8656
8658
8670
8677
8692
8694
8695
8707
8708
8709
8710
8724
8736
8748
8749
8765
8781
8795
8798
8805
8806
8807
8809
8815
8819
8820
8827
8845
8864
8870
8871
8874
8877
8893
8902
8905
8916
8923
8928
8929
8932
8934
8938
8939
8940
8944
8946
8952
8962
8968
8982
8983
8987
8991
9004
9009
9027
9028
9029
9030
9031
9034
9039
9045
9057
9061
9063
9064
9114
9135
9136
9141
9149
9150
9191
9218
9220
9221
9250
9253
9259
9264
9274
9289
9290
9308
9370
9382
9392
9397
9398
9407
9408
9421
9427
9438
9439
9445
9454
9455
9462
9463
9488
9490
9491
9492
9500
9522
9570
9572
9583
9586
9588
9589
9590
9603
9608
9609
9610
9625
9637
9638
9639
9678
9679
9685
9691
9708
9710
9711
9713
9733
9760
9787
9793
9794
9795
9796
9800
9801
9803
9805
9807
9812
9814
9818
9819
9822
9831
9851
9861
9867
9874
9913
9914
9926
9941
9947
9955
9956
9979
9992
9997
10004
10006
10012
10014
10015
10016
10018
10027
10032
10042
10050
10076
10085
10087
10095
10115
10116
10121
10122
10138
10139
10140
10148
10149
10183
10185
10193
10201
10205
10209
10224
10242
10246
10254
10261
10277
10279
10303
10304
10305
10311
10313
10316
10317
10320
10321
10322
10323
10369
10370
10371
10389
10399
10422
10427
10428
10432
10433
10437
10439
10470
10472
10473
10488
10500
10506
10507
10529
10530
10531
10532
10533
10534
10547
10550
10551
10561
10598
10600
10619
10620
10663
10670
10682
10708
10712
10713
10716
10720
10726
10727
10728
10729
10730
10731
10737
10742
10743
10745
10754
10756
10777
10788
10798
10799
10801
10803
10808
10819
10820
10841
10842
10843
10844
10864
10865
10871
10924
10932
10933
10934
10935
10937
10978
10997
10999
11041
11047
11048
11049
11050
11053
11077
11090
11098
11124
11125
11142
11143
11146
11174
11175
11204
11205
11207
11211
11230
11233
11256
11266
11267
11275
11276
11277
11278
11279
11283
11289
11291
11293
11294
11298
11302
11303
11307
11321
11327
11329
11345
11346
11347
11348
11349
11403
11407
11413
11423
11431
11432
11434
11442
11443
11446
11467
11487
11501
11517
11518
11519
11520
11540
11567
11576
11577
11587
11591
11599
11615
11623
11651
11655
11673
11675
11697
11698
11702
11710
11722
11787
11789
11790
11794
11811
11812
11813
11814
11815
11822
11823
11824
11833
11840
11848
11876
11893
11897
11910
11937
11939
11957
11983
11984
11985
11986
11987
11988
11989
11998
11999
12000
12002
12013
12017
12026
12027
12031
12050
12051
12055
12061
12062
12063
12066
12068
12073
12076
12077
12078
12079
12080
12081
12083
12087
12097
12101
12102
12105
12109
12112
12115
12117
12124
12125
12126
12127
12129
12132
12149
12164
12167
12174
12175
12176
12180
12182
12183
12189
12190
12203
12204
12214
12218
12219
12220
12221
12225
12226
12227
12232
12234
12235
12249
12250
12251
12258
12261
12263
12264
12272
12273
12274
12279
12280
12281
12282
12283
12288
12289
12290
12291
12292
12294
12297
12298
12301
12302
12303
12304
12305
12306
12307
12308
12309
12310
12316
12319
12323
12332
12371
12384
12385
12389
12399
12403
12404
12405
12406
12408
12409
12412
12413
12415
12420
12424
12445
12446
12447
12448
12462
12466
12467
12468
12469
12470
12471
12473
12474
12475
12476
12478
12479
12490
12500
12501
12508
12509
12510
12511
12512
12513
12515
12563
12564
12565
12566
12567
12571
12575
12576
12578
12584
12599
12614
12615
12621
12622
12625
12628
12629
12631
12632
12633
12638
12639
12640
12656
12657
12663
12664
12665
12668
12674
12675
12676
12677
12678
12679
12694
12697
12698
12699
12700
12708
12711
12714
12718
12723
12724
12725
12726
12730
12731
12735
12737
12738
12739
12744
12750
12751
12752
12754
12764
12765
12773
12774
12775
12776
12777
12780
12789
12790
12791
12792
12798
12799
12830
12831
12832
12833
12835
12837
12841
12843
12844
12852
12853
12854
12855
12856
12857
12858
12869
12870
12876
12884
12902
12903
12904
12913
12916
12920
12933
12940
12950
12951
12956
12957
12958
12968
12969
12972
12979
12980
12981
12982
12983
12984
12986
12989
12993
12996
12997
13003
13006
13016
13018
13021
13032
13033
13035
13037
13045
13060
13061
13064
13074
13075
13079
13083
13086
13097
13098
13099
13121
13124
13126
13127
13136
13137
13147
13158
13159
13166
13169
13170
13171
13173
13184
13185
13186
13189
13190
13191
13192
13193
13194
13196
13202
13203
13235
13252
13253
13254
13260
13264
13279
13283
13299
13300
13302
13303
13323
13324
13327
13328
13329
13330
13331
13332
13333
13339
13340
13343
13352
13353
13354
13355
13356
13357
13358
13359
13361
13366
13372
13373
13374
13375
13378
13380
13392
13406
13408
13409
13410
13411
13412
13413
13418
13419
13420
13421
13426
13433
13434
13435
13438
13439
13440
13477
13479
13480
13481
13486
13487
13488
13489
13490
13491
13494
13497
13500
13503
13523
13524
13525
13528
13529
13556
13560
13580
13581
13582
13583
13584
13602
13614
13636
13637
13638
13644
13645
13653
13657
13658
13659
13660
13663
13673
13674
13675
13747
13751
13755
13759
13764
13806
13809
13810
13825
13831
13839
13840
13841
13842
13850
13851
13881
13882
13907
13922
13923
13924
13931
13934
13938
13944
13958
13963
13967
13977
13979
13985
13987
13988
13993
13999
14006
14007
14011
14012
14013
14014
14015
14016
14021
14027
14030
14031
14032
14038
14065
14071
14076
14080
14081
14082
14083
14084
14085
14090
14091
14093
14096
14098
14099
14100
14101
14102
14109
14112
14113
14151
14158
14159
14162
14163
14164
14165
14166
14167
14168
14180
14184
14193
14197
14198
14199
14200
14201
14205
14214
14221
14222
14226
14227
14229
14232
14233
14243
14254
14260
14261
14262
14268
14269
14281
14286
14287
14291
14295
14296
14305
14310
14311
14312
14315
14319
14323
14324
14326
14334
14335
14346
14347
14365
14369
14370
14371
14372
14373
14375
14386
14390
14391
14392
14396
14400
14402
14403
14406
14410
14455
14462
14471
14472
14477
14501
14525
14540
14543
14558
14559
14563
14564
14565
14566
14570
14571
14579
14580
14584
14591
14592
14597
14598
14605
14606
14607
14613
14616
14620
14626
14638
14641
14650
14651
14652
14653
14654
14657
14658
14662
14664
14665
14666
14674
14675
14677
14678
14679
14686
14692
14697
14715
14720
14724
14726
14736
14737
14740
14741
14745
14754
14779
14782
14795
14796
14797
14798
14800
14801
14802
14832
14833
14834
14840
14841
14845
14846
14857
14859
14860
14861
14883
14902
14905
14907
14908
14913
14916
14917
14926
14929
14930
14937
14940
14951
14952
14953
14954
14971
14978
14982
14984
14995
15003
15009
15011
15016
15018
15019
15020
15025
15027
15028
15030
15031
15037
15038
15039
15042
15043
15051
15052
15054
15055
15067
15068
15071
15074
15077
15082
15097
15107
15108
15112
15113
15114
15123
15145
15150
15167
15178
15180
15222
15225
15226
15229
15230
15239
15248
15250
15252
15261
15271
15283
15286
15290
15291
15292
15293
15302
15303
15317
15329
15342
15347
15352
15353
15354
15356
15357
15361
15373
15374
15375
15376
15377
15378
15388
15396
15397
15398
15402
15403
15404
15411
15413
15414
15417
15426
15430
15453
15454
15463
15471
15477
15479
