6
29
76
203
260
261
262
263
276
403
413
422
430
457
472
475
476
482
577
578
579
585
613
628
719
730
787
807
808
809
811
812
843
917
918
920
975
999
1008
1011
1012
1013
1014
1015
1016
1017
1018
1019
1025
1029
1051
1084
1250
1257
1282
1305
1328
1351
1352
1379
1384
1386
1387
1388
1390
1396
1397
1410
1411
1412
1413
1414
1417
1418
1419
1420
1421
1422
1495
1502
1521
1522
1528
1542
1578
1579
1580
1596
1604
1605
1606
1607
1612
1689
1690
1693
1694
1695
1696
1697
1743
1744
1760
1765
1766
1767
1768
1769
1770
1771
1772
1774
1786
1787
1792
1797
1799
1802
1822
1823
1843
1844
1846
1867
1868
1869
1873
1909
1925
1939
1984
1995
1996
2017
2151
2154
2173
2212
2215
2252
2286
2337
2392
2399
2423
2425
2429
2487
2504
2534
2535
2536
2553
2606
2607
2608
2609
2610
2611
2612
2643
2659
2670
2689
2753
2758
2767
2780
2782
2788
2811
2823
2866
2889
2891
3014
3016
3017
3025
3031
3039
3056
3064
3067
3078
3079
3083
3085
3087
3095
3099
3122
3124
3136
3142
3150
3152
3155
3159
3165
3190
3215
3216
3261
3285
3286
3289
3314
3354
3355
3403
3406
3407
3447
3449
3475
3499
3501
3521
3539
3571
3572
3573
3574
3588
3594
3598
3610
3639
3670
3688
3689
3707
3708
3737
3780
3793
3849
3869
3870
3871
3877
3883
3901
3912
3924
3933
3941
3968
3974
4012
4025
4027
4076
4080
4086
4139
4141
4144
4150
4158
4195
4230
4234
4248
4270
4290
4304
4311
4312
4313
4328
4329
4392
4400
4412
4422
4467
4591
4592
4593
4594
4598
4599
4605
4619
4628
4637
4733
4751
4803
4849
4851
4873
4941
4959
4968
4993
5036
5071
5075
5122
5147
5158
5175
5207
5256
5257
5280
5281
5289
5295
5314
5315
5326
5332
5333
5365
5374
5375
5388
5395
5448
5550
5552
5613
5618
5623
5643
5644
5645
5646
5647
5649
5655
5660
5699
5700
5713
5714
5716
5730
5768
5782
5850
5882
5898
5911
5956
5972
5995
5999
6066
6072
6073
6083
6089
6101
6128
6131
6192
6193
6195
6234
6241
6247
6248
6249
6250
6257
6259
6288
6317
6375
6376
6377
6378
6431
6457
6462
6471
6472
6500
6530
6561
6610
6611
6617
6653
6690
6714
6729
6730
6790
6803
6804
6810
6827
6833
6861
6900
6916
6929
7036
7043
7045
7061
7074
7112
7192
7234
7236
7259
7295
7296
7321
7322
7355
7371
7379
7380
7381
7382
7388
7395
7403
7404
7408
7410
7417
7434
7435
7454
7458
7511
7525
7535
7577
7585
7640
7641
7661
7772
7787
7849
7850
7886
7957
7975
7977
7978
7986
7989
7990
7991
7992
8001
8002
8003
8013
8014
8052
8128
8143
8162
8211
8212
8213
8238
8243
8247
8248
8249
8250
8268
8273
8274
8275
8277
8278
8279
8283
8284
8285
8290
8294
8305
8306
8397
8398
8399
8400
8401
8491
8526
8596
8600
8626
8627
8632
8648
8678
8680
8767
8801
8822
8841
8888
8889
8896
8979
8994
8997
9007
9008
9016
9021
9047
9051
9052
9053
9126
9128
9159
9174
9175
9193
9223
9224
9242
9245
9247
9258
9261
9262
9278
9314
9319
9320
9322
9363
9365
9371
9372
9377
9383
9385
9396
9403
9434
9435
9441
9460
9566
9596
9597
9598
9599
9600
9601
9602
9631
9632
9634
9635
9640
9641
9653
9654
9658
9666
9672
9689
9735
9736
9742
9744
9755
9771
9780
9842
9847
9903
9904
9916
9924
9930
9934
9958
9959
9975
9976
9977
9981
10000
10024
10025
10034
10074
10112
10113
10124
10125
10153
10154
10168
10190
10211
10250
10273
10300
10307
10312
10314
10318
10373
10395
10418
10421
10445
10458
10471
10491
10516
10520
10604
10611
10614
10629
10634
10635
10643
10650
10652
10659
10664
10691
10698
10699
10700
10701
10722
10723
10733
10738
10775
10776
10805
10811
10813
10833
10846
10874
10875
10876
10878
10895
10901
10905
10975
10977
11007
11008
11009
11010
11011
11022
11026
11039
11081
11131
11158
11165
11166
11167
11195
11209
11213
11214
11240
11260
11264
11268
11269
11305
11331
11332
11355
11368
11395
11399
11400
11401
11411
11490
11505
11529
11579
11580
11582
11583
11600
11611
11617
11664
11680
11704
11705
11706
11712
11727
11735
11763
11764
11785
11792
11795
11797
11799
11801
11803
11856
11869
11871
11914
11941
11959
11960
11966
11991
12016
12038
12052
12053
12071
12072
12084
12085
12089
12093
12098
12146
12151
12208
12209
12210
12229
12233
12254
12255
12262
12268
12270
12295
12296
12299
12300
12317
12327
12328
12329
12330
12335
12388
12450
12451
12452
12453
12472
12487
12488
12489
12496
12497
12498
12517
12518
12519
12531
12532
12534
12535
12573
12577
12582
12593
12596
12597
12598
12605
12606
12616
12617
12645
12648
12649
12650
12651
12652
12653
12654
12655
12672
12673
12681
12693
12706
12707
12743
12745
12757
12758
12759
12760
12772
12778
12781
12785
12794
12800
12806
12807
12816
12829
12850
12883
12887
12888
12889
12900
12906
12935
12939
12973
12977
12994
13011
13013
13017
13022
13024
13052
13054
13056
13057
13058
13067
13071
13072
13094
13095
13138
13141
13154
13155
13167
13168
13183
13199
13200
13261
13262
13263
13306
13311
13312
13313
13316
13317
13318
13319
13325
13326
13336
13360
13379
13381
13382
13383
13384
13385
13386
13393
13394
13400
13401
13405
13441
13447
13448
13449
13462
13464
13465
13482
13485
13540
13541
13542
13547
13564
13565
13568
13571
13578
13590
13594
13595
13596
13597
13618
13640
13655
13681
13781
13829
13830
13843
13849
13857
13858
13860
13875
13878
13919
13920
13927
13941
13942
13945
13949
13962
13972
14004
14005
14025
14036
14068
14073
14089
14107
14146
14147
14154
14173
14187
14188
14189
14204
14212
14213
14216
14217
14234
14235
14236
14250
14251
14285
14288
14306
14307
14308
14313
14341
14344
14349
14351
14352
14353
14356
14357
14363
14374
14399
14409
14413
14481
14484
14488
14489
14492
14499
14517
14518
14522
14527
14528
14531
14532
14533
14534
14535
14536
14537
14538
14567
14569
14583
14612
14628
14632
14635
14640
14649
14672
14673
14681
14682
14684
14698
14707
14713
14730
14731
14742
14772
14773
14775
14790
14791
14794
14803
14804
14817
14818
14819
14820
14828
14830
14831
14835
14842
14852
14858
14884
14897
14949
14957
14962
14965
14966
14969
14989
14990
14991
14996
15010
15047
15048
15049
15056
15066
15069
15072
15086
15087
15111
15122
15141
15142
15143
15153
15158
15163
15168
15194
15195
15196
15197
15206
15216
15221
15227
15256
15296
15297
15298
15299
15322
15325
15332
15336
15337
15340
15360
15387
15391
15394
15433
15460
15465
15468
15472
