13
21
30
55
57
58
63
84
93
121
122
133
134
149
156
157
262
263
274
329
336
337
340
341
342
364
368
370
372
373
375
376
378
387
393
406
410
435
439
440
441
444
458
466
499
501
504
510
511
512
514
515
530
538
555
557
583
586
589
595
605
614
622
624
633
644
645
647
653
658
665
666
667
675
677
678
679
685
694
695
696
698
706
707
715
716
717
727
730
736
767
768
769
770
771
772
778
785
786
787
793
794
796
797
816
837
857
869
870
872
877
878
880
882
897
898
899
900
906
908
920
921
933
949
955
956
957
959
968
976
977
978
993
1000
1040
1041
1042
1043
1044
1045
1058
1059
1077
1078
1102
1107
1108
1109
1116
1117
1118
1119
1122
1140
1141
1151
1158
1167
1173
1174
1179
1187
1188
1201
1210
1211
1212
1213
1230
1231
1232
1247
1262
1280
1297
1308
1316
1322
1326
1332
1340
1364
1365
1369
1370
1371
1372
1382
1389
1394
1403
1405
1406
1409
1410
1431
1432
1433
1434
1437
1439
1446
1466
1495
1520
1521
1524
1525
1526
1527
1533
1534
1535
1536
1537
1545
1549
1550
1558
1563
1567
1571
1576
1582
1589
1633
1634
1649
1664
1666
1669
1670
1671
1672
1675
1676
1692
1695
1696
1698
1701
1706
1714
1734
1735
1736
1737
1744
1791
1792
1795
1802
1824
1843
1848
1849
1850
1851
1852
1855
1864
1865
1866
1890
1895
1897
1915
1917
1925
1928
1931
1946
1960
1976
1980
1984
2003
2023
2029
2046
2048
2050
2072
2074
2081
2084
2091
2116
2122
2125
2136
2137
2150
2160
2179
2194
2201
2223
2239
2241
2249
2264
2281
2282
2284
2289
2296
2299
2317
2327
2328
2329
2339
2340
2343
2344
2354
2356
2357
2358
2359
2370
2372
2374
2385
2401
2402
2407
2413
2420
2440
2442
2443
2447
2449
2457
2466
2503
2505
2522
2523
2534
2537
2538
2543
2564
2573
2579
2582
2583
2584
2589
2607
2616
2624
2630
2637
2638
2639
2646
2651
2658
2683
2685
2690
2708
2709
2744
2765
2770
2772
2773
2774
2775
2776
2777
2778
2784
2790
2795
2799
2800
2803
2804
2807
2811
2813
2815
2833
2834
2835
2836
2838
2841
2863
2864
2865
2876
2911
2913
2917
2918
2919
2923
2925
2926
2935
2936
2941
2942
2966
2967
3002
3016
3023
3025
3039
3041
3050
3066
3070
3071
3072
3082
3116
3117
3118
3138
3144
3159
3162
3179
3190
3191
3195
3196
3199
3202
3217
3230
3264
3270
3275
3276
3277
3278
3279
3284
3285
3286
3288
3289
3290
3291
3292
3293
3294
3297
3299
3300
3304
3305
3306
3310
3326
3334
3336
3348
3351
3375
3377
3378
3399
3400
3401
3403
3404
3416
3420
3422
3430
3431
3434
3469
3476
3491
3492
3493
3494
3495
3524
3547
3577
3592
3622
3669
3670
3679
3680
3686
3697
3704
3705
3741
3744
3745
3746
3747
3748
3750
3752
3754
3761
3769
3799
3803
3804
3811
3821
3823
3825
3836
3837
3838
3839
3843
3844
3845
3846
3850
3853
3854
3855
3856
3866
3871
3897
3898
3906
3912
3914
3918
3919
3920
3924
3926
3928
3935
3941
3942
3945
3962
3963
3974
3975
3977
3984
3993
4008
4027
4031
4035
4036
4037
4038
4039
4042
4061
4086
4087
4091
4093
4096
4098
4099
4106
4111
4115
4116
4117
4129
4130
4131
4133
4136
4137
4138
4139
4140
4141
4142
4147
4149
4151
4161
4162
4163
4166
4182
4183
4196
4197
4204
4205
4206
4215
4217
4218
4219
4224
4243
4258
4266
4273
4279
4320
4334
4346
4354
4364
4368
4369
4370
4371
4374
4378
4388
4392
4393
4395
4396
4397
4399
4403
4405
4408
4419
4422
4429
4440
4442
4443
4444
4445
4447
4467
4468
4471
4483
4490
4491
4498
4500
4507
4529
4533
4534
4555
4566
4587
4597
4598
4599
4619
4624
4625
4668
4669
4689
4692
4703
4704
4724
4725
4738
4741
4742
4749
4750
4761
4762
4763
4764
4765
4768
4769
4770
4771
4773
4777
4790
4793
4794
4798
4802
4806
4819
4821
4825
4826
4829
4833
4834
4835
4838
4844
4847
4848
4852
4876
4877
4878
4899
4910
4918
4927
4931
4934
4935
4936
4942
4943
4973
5008
5010
5023
5034
5035
5036
5037
5042
5044
5052
5054
5055
5069
5071
5095
5110
5130
5131
5134
5135
5136
5137
5144
5145
5146
5157
5159
5182
5183
5184
5187
5250
5251
5252
5253
5260
5261
5262
5273
5275
5278
5279
5280
5284
5285
5294
5295
5310
5335
5336
5340
5347
5349
5350
5354
5356
5357
5358
5359
5361
5362
5363
5364
5365
5367
5369
5370
5372
5378
5379
5380
5381
5387
5396
5414
5415
5416
5430
5431
5432
5434
5448
5449
5450
5451
5452
5453
5454
5458
5470
5473
5487
5496
5498
5505
5511
5528
5529
5538
5547
5548
5549
5559
5568
5574
5578
5581
5582
5584
5585
5587
5588
5589
5592
5596
5598
5601
5602
5603
5604
5605
5627
5629
5638
5639
5658
5662
5670
5672
5674
5675
5680
5681
5690
5693
5694
5695
5705
5715
5716
5717
5727
5741
5742
5746
5753
5774
5776
5777
5783
5795
5798
5800
5810
5811
5812
5815
5816
5817
5818
5819
5822
5828
5831
5833
5850
5852
5853
5857
5859
5861
5868
5878
5881
5894
5895
5901
5913
5915
5916
5917
5918
5919
5920
5926
5927
5931
5932
5933
5934
5939
5951
5972
5993
5999
6012
6023
6026
6033
6045
6046
6072
6074
6085
6086
6087
6088
6091
6103
6109
6126
6127
6128
6131
6132
6133
6134
6135
6137
6138
6139
6140
6141
6147
6160
6164
6167
6171
6191
6193
6194
6195
6196
6197
6198
6200
6202
6211
6216
6221
6222
6224
6225
6235
6236
6238
6247
6250
6263
6272
6273
6274
6280
6281
6284
6285
6286
6287
6298
6304
6309
6310
6312
6313
6333
6345
6347
6349
6350
6354
6356
6360
6363
6369
6381
6384
6385
6387
6391
6392
6398
6400
6440
6441
6442
6443
6451
6464
6467
6477
6482
6483
6484
6514
6515
6518
6520
6523
6524
6532
6556
6557
6558
6559
6560
6561
6562
6563
6564
6569
6570
6571
6572
6575
6592
6593
6594
6595
6608
6609
6621
6634
6656
6658
6670
6671
6672
6692
6696
6704
6705
6707
6709
6710
6711
6734
6757
6773
6776
6777
6792
6796
6807
6817
6823
6834
6839
6852
6859
6862
6882
6883
6903
6906
6909
6913
6918
6919
6929
6936
6943
6954
6960
6975
6982
7001
7006
7007
7008
7019
7029
7030
7033
7034
7035
7036
7050
7054
7055
7073
7074
7107
7108
7109
7113
7124
7132
7141
7142
7145
7146
7156
7161
7177
7178
7188
7205
7222
7226
7247
7250
7254
7276
7280
7297
7300
7304
7307
7309
7310
7315
7328
7337
7338
7339
7340
7341
7383
7386
7387
7388
7389
7390
7391
7401
7406
7407
7408
7409
7410
7414
7423
7424
7434
7451
7462
7463
7464
7465
7466
7467
7469
7470
7474
7481
7482
7483
7485
7489
7493
7507
7510
7511
7535
7539
7540
7556
7574
7595
7612
7613
7614
7615
7616
7618
7629
7630
7638
7644
7648
7658
7671
7681
7690
7691
7693
7700
7701
7702
7704
7725
7745
7746
7747
7748
7751
7755
7756
7757
7759
7770
7771
7773
7775
7776
7780
7786
7790
7797
7802
7809
7814
7815
7816
7818
7820
7823
7846
7849
7857
7861
7863
7873
7874
7891
7899
7901
7902
7903
7904
7907
7908
7919
7929
7939
7941
7946
7953
7958
7963
7972
7973
7983
7984
7985
7986
8006
8007
8008
8012
8013
8016
8033
8034
8037
8038
8039
8062
8063
8068
8082
8083
8085
8103
8107
8108
8109
8110
8111
8121
8126
8127
8132
8133
8140
8153
8162
8175
8179
8186
8193
8194
8199
8201
8203
8212
8222
8225
8226
8232
8247
8254
8255
8266
8274
8275
8276
8279
8303
8304
8307
8313
8314
8344
8345
8355
8356
8364
8368
8370
8371
8372
8373
8374
8375
8376
8379
8380
8381
8384
8387
8395
8396
8404
8409
8413
8431
8445
8448
8450
8451
8453
8460
8474
8475
8510
8522
8528
8553
8554
8559
8562
8570
8576
8578
8579
8581
8582
8583
8585
8586
8587
8591
8593
8603
8608
8620
8648
8651
8653
8661
8679
8680
8681
8682
8683
8684
8686
8688
8689
8698
8701
8702
8704
8712
8713
8726
8741
8746
8749
8750
8754
8758
8759
8761
8762
8766
8768
8770
8775
8778
8779
8789
8791
8793
8830
8832
8835
8836
8837
8839
8858
8871
8872
8873
8874
8875
8876
8884
8885
8890
8894
8905
8907
8908
8925
8927
8932
8933
8937
8967
8974
8976
8978
8979
8995
9002
9006
9026
9027
9032
9034
9054
9055
9058
9074
9076
9086
9106
9107
9114
9115
9116
9120
9145
9146
9147
9148
9151
9164
9165
9166
9168
9169
9175
9180
9181
9186
9193
9198
9202
9204
9209
9211
9212
9213
9218
9219
9220
9224
9228
9241
9242
9243
9247
9248
9249
9250
9251
9252
9253
9254
9255
9268
9270
9277
9281
9289
9290
9292
9294
9297
9302
9307
9319
9320
9325
9329
9336
9367
9378
9388
9390
9396
9397
9421
9423
9437
9440
9441
9443
9444
9445
9449
9459
9465
9466
9467
9472
9490
9497
9503
9504
9505
9506
9508
9509
9512
9519
9520
9522
9526
9530
9534
9535
9539
9549
9551
9557
9558
9559
9563
9564
9574
9578
9580
9581
9582
9584
9586
9587
9594
9596
9597
9598
9599
9602
9604
9605
9606
9607
9617
9629
9631
9633
9638
9655
9661
9669
9673
9678
9679
9683
9684
9685
9694
9699
9707
9708
9710
9712
9733
9735
9739
9741
9751
9752
9757
9761
9764
9766
9773
9774
9775
9776
9784
9787
9793
9813
9821
9822
9827
9828
9830
9832
9845
9849
9853
9858
9862
9866
9875
9876
9878
9879
9880
9882
9883
9885
9886
9887
9889
9890
9891
9892
9893
9895
9898
9899
9905
9906
9908
9911
9912
9918
9919
9921
9923
9932
9933
9938
9948
9950
9951
9952
9962
9964
9966
9967
9968
9970
9971
9973
9974
9975
9983
9994
10000
10001
10002
10008
10010
10013
10022
10030
10055
10062
10065
10066
10068
10073
10079
10084
10097
10099
10101
10103
10104
10106
10111
10112
10113
10114
10118
10119
10120
10123
10128
10129
10130
10131
10132
10136
10137
10148
10154
10162
10163
10164
10165
10171
10174
10177
10211
10216
10228
10229
10231
10238
10258
10269
10291
10293
10297
10309
10313
10316
10317
10319
10323
10327
10331
10334
10335
10338
10347
10353
10369
10385
10388
10395
10410
10413
10430
10451
10453
10456
10457
10460
10461
10466
10467
10472
10473
10477
10479
10480
10497
10498
10499
10500
10502
10510
10511
10534
10535
10536
10541
10549
10555
10573
10574
10577
10589
10594
10599
10609
10611
10613
10620
10624
10626
10627
10628
10629
10635
10637
10648
10649
10670
10672
10675
10682
10683
10685
10687
10693
10699
10701
10704
10716
10725
10731
10732
10733
10742
10745
10756
10765
10767
10773
10783
10788
10789
10790
10791
10798
10801
10805
10812
10815
10821
10825
10826
10832
10843
10846
10858
10870
10871
10872
10876
10885
10887
10892
10893
10894
10898
10913
10922
10923
10937
10938
10947
10950
10953
10954
10965
10976
10981
10987
10989
10991
10992
10998
10999
11027
11037
11044
11047
11048
11050
11052
11056
11057
11077
11084
11088
11102
11106
11140
11143
11144
11147
11151
11158
11191
11192
11193
11194
11195
11196
11198
11200
11201
11202
11211
11212
11213
11217
11218
11233
11237
11240
11241
11251
11254
11260
11262
11269
11277
11282
11288
11296
11298
11299
11300
11303
11304
11306
11308
11309
11313
11318
11321
11339
11340
11343
11344
11349
11352
11361
11362
11364
11369
11371
11375
11376
11377
11378
11379
11388
11389
11399
11411
11412
11417
11418
11425
11449
11460
11463
11464
11472
11474
11497
11498
11505
11513
11518
11529
11530
11531
11538
11539
11540
11541
11542
11543
11551
11552
11554
11555
11568
11570
11571
11578
11603
11604
11605
11606
11615
11620
11621
11639
11641
11643
11649
11656
11657
11660
11671
11676
11681
11698
11707
11719
11722
11724
11726
11729
11732
11741
11765
11770
11772
11781
11784
11788
11865
11870
11871
11879
11885
11887
11892
11894
11899
11900
11901
11924
11927
11929
11933
11936
11937
11944
11946
11947
11951
11972
11979
11987
11989
11993
11996
11998
12001
12011
12012
12037
12040
12047
12051
12052
12057
12070
12071
12080
12087
12104
12105
12111
12118
12119
12128
12134
12137
12138
12139
12143
12155
12163
12165
12171
12178
12184
12198
12200
12203
12204
12212
12214
12219
12235
12236
12238
12239
12245
12253
12254
12259
12275
12278
12281
12283
12285
12291
12298
12302
12310
12321
12332
12338
12347
12350
12359
12363
12365
12370
12373
12374
12383
12385
12386
12420
12423
12425
12427
12446
12456
12457
12458
12464
12486
12507
12519
12523
12525
12534
12535
12542
12544
12554
12555
12556
12561
12585
12586
12588
12593
12602
12604
12605
12607
12608
12609
12617
12618
12620
12623
12625
12626
12630
12634
12638
12639
12656
12659
12660
12677
12684
12688
12689
12690
12691
12692
12693
12694
12695
12700
12725
12729
12730
12732
12733
12741
12766
12768
12769
12770
12778
12779
12783
12785
12806
12813
12816
12817
12818
12821
12829
12848
12860
12866
12871
12872
12885
12887
12888
12901
12908
12909
12938
12944
12945
12958
12961
12967
12968
12969
12970
12976
12977
12991
12993
12994
12997
12999
13005
13006
13007
13008
13009
13018
13020
13028
13045
13057
13072
13073
13075
13087
13094
13096
13104
13121
13122
13126
13127
13129
13135
13145
13146
13159
13160
13196
13197
13200
13206
13208
13212
13218
13220
13221
13224
13234
13235
13259
13264
13265
13266
13267
13268
13277
13278
13279
13280
13281
13282
13284
13285
13286
13289
13307
13308
13309
13310
13314
13318
13320
13324
13325
13334
13335
13355
13360
13378
13381
13393
13395
13404
13411
13424
13444
13454
13455
13456
13458
13459
13460
13461
13462
13463
13464
13465
13476
13478
13485
13496
13498
13500
13502
13521
13524
13551
13552
13553
13554
13555
13559
13560
13568
13584
13585
13590
13593
13604
13613
13619
13622
13623
13625
13633
13634
13636
13640
13646
13648
13649
13651
13653
13654
13655
13656
13657
13658
13659
13660
13662
13665
13667
13674
13675
13681
13685
13694
13696
13697
13698
13699
13703
13704
13719
13721
13727
13733
13740
13741
13744
13747
13748
13751
13754
13761
13762
13763
13764
13765
13766
13767
13772
13773
13774
13779
13781
13782
13783
13784
13785
13786
13787
13791
13793
13794
13795
13796
13797
13798
13799
13803
13822
13824
13825
13827
13828
13835
13836
13837
13839
13843
13844
13850
13851
13852
13878
13891
13899
13910
13911
13915
13916
13918
13934
13950
13969
13970
13979
13984
13998
13999
14006
14029
14031
14051
14057
14061
14068
14069
14070
14076
14077
14079
14086
14088
14089
14092
14106
14107
14109
14112
14122
14142
14146
14163
14164
14165
14166
14170
14172
14173
14174
14175
14209
14216
14219
14229
14230
14237
14238
14240
14242
14243
14244
14248
14250
14254
14277
14278
14285
14300
14301
14323
14335
14337
14372
14374
14375
14377
14379
14382
14403
14404
14413
14419
14420
14422
14451
14462
14482
14486
14514
14524
14525
14526
14535
14536
14537
14546
14547
14556
14559
14560
14563
14564
14582
14584
14586
14588
14602
14604
