3
4
20
26
29
40
44
46
47
49
50
51
52
61
64
72
74
76
77
79
82
97
98
99
100
101
102
106
109
112
132
140
145
159
160
162
175
177
179
180
186
187
188
189
192
196
197
206
211
228
229
230
231
239
243
244
247
248
251
255
256
269
270
271
275
276
332
344
354
367
382
383
407
413
417
419
424
436
437
447
453
459
462
463
464
465
479
481
484
485
491
494
508
516
533
544
553
560
561
562
563
564
565
566
567
568
569
570
575
576
596
597
598
599
600
601
602
620
621
628
631
632
635
637
638
639
642
643
654
655
660
661
684
688
704
708
710
711
712
714
718
721
723
732
733
743
744
745
748
763
789
801
804
806
810
812
813
814
817
818
820
830
834
835
838
843
845
847
848
849
859
864
873
876
884
905
913
914
915
917
919
922
924
935
941
943
944
946
947
948
972
973
974
986
991
1005
1010
1015
1016
1018
1019
1031
1032
1038
1039
1052
1064
1071
1073
1074
1075
1076
1081
1083
1087
1088
1089
1091
1093
1094
1104
1105
1106
1112
1124
1138
1139
1142
1148
1160
1161
1164
1169
1172
1176
1177
1180
1181
1182
1185
1186
1189
1190
1191
1192
1194
1196
1197
1203
1204
1206
1207
1208
1209
1214
1215
1216
1220
1221
1224
1225
1233
1234
1235
1241
1242
1243
1244
1249
1250
1251
1254
1257
1258
1265
1267
1274
1285
1295
1306
1313
1314
1318
1319
1328
1335
1336
1338
1339
1345
1347
1351
1352
1353
1354
1355
1356
1359
1368
1374
1376
1381
1383
1384
1386
1387
1388
1404
1408
1412
1414
1418
1420
1421
1422
1423
1424
1425
1426
1427
1428
1429
1430
1438
1441
1445
1460
1467
1469
1470
1471
1472
1473
1474
1475
1480
1486
1493
1494
1500
1501
1503
1523
1528
1529
1554
1574
1575
1578
1581
1603
1613
1614
1620
1624
1625
1627
1628
1630
1637
1638
1639
1667
1685
1686
1697
1710
1717
1718
1719
1720
1729
1738
1739
1740
1746
1747
1759
1760
1762
1763
1776
1778
1786
1793
1803
1806
1820
1825
1829
1839
1841
1845
1854
1858
1860
1867
1868
1869
1870
1871
1872
1878
1882
1884
1885
1894
1896
1921
1929
1930
1935
1937
1938
1947
1948
1950
1952
1953
1958
1959
1966
1967
2009
2010
2026
2033
2037
2044
2055
2060
2061
2065
2085
2086
2097
2114
2117
2123
2126
2132
2133
2134
2135
2138
2139
2140
2142
2144
2146
2148
2149
2163
2164
2166
2167
2168
2169
2170
2171
2172
2173
2176
2184
2197
2200
2202
2203
2204
2205
2206
2228
2229
2233
2242
2244
2247
2254
2255
2269
2270
2272
2273
2275
2278
2279
2291
2292
2294
2295
2301
2302
2311
2312
2318
2319
2320
2326
2330
2331
2335
2336
2341
2355
2365
2366
2373
2378
2381
2387
2394
2395
2399
2403
2411
2417
2418
2419
2425
2426
2428
2429
2431
2433
2434
2438
2446
2461
2462
2463
2467
2476
2477
2480
2493
2504
2506
2507
2508
2511
2513
2514
2515
2517
2520
2528
2530
2531
2532
2533
2535
2539
2542
2544
2546
2547
2548
2549
2550
2559
2560
2567
2575
2576
2577
2586
2588
2596
2597
2603
2604
2606
2611
2612
2614
2617
2625
2626
2627
2628
2629
2631
2633
2642
2645
2657
2660
2664
2666
2675
2680
2692
2695
2697
2698
2701
2705
2707
2715
2716
2718
2719
2730
2731
2732
2733
2734
2735
2736
2737
2738
2739
2741
2742
2747
2748
2755
2758
2759
2760
2761
2766
2771
2780
2786
2787
2791
2793
2794
2806
2822
2823
2828
2829
2830
2832
2837
2839
2840
2842
2845
2846
2847
2850
2855
2856
2858
2859
2860
2861
2862
2866
2867
2872
2882
2883
2887
2889
2890
2891
2899
2901
2902
2903
2906
2916
2921
2922
2939
2943
2945
2960
2965
2977
2986
2987
2988
2989
2994
2995
2998
2999
3000
3024
3026
3029
3031
3034
3035
3040
3044
3046
3048
3051
3053
3058
3059
3062
3063
3068
3069
3074
3075
3076
3077
3078
3080
3084
3086
3088
3089
3092
3094
3098
3107
3108
3109
3113
3114
3125
3126
3145
3151
3152
3155
3156
3173
3175
3176
3177
3181
3185
3186
3187
3188
3189
3192
3193
3198
3200
3208
3209
3210
3211
3212
3213
3216
3219
3233
3236
3237
3238
3242
3245
3246
3250
3251
3254
3255
3257
3262
3263
3269
3271
3272
3282
3301
3309
3311
3314
3315
3318
3319
3321
3324
3328
3330
3338
3340
3342
3345
3350
3359
3361
3362
3367
3374
3379
3382
3384
3386
3387
3389
3392
3394
3395
3396
3413
3415
3417
3419
3424
3425
3426
3427
3428
3429
3432
3433
3435
3436
3438
3441
3445
3449
3450
3451
3452
3454
3457
3458
3460
3467
3468
3475
3477
3480
3483
3484
3485
3486
3487
3500
3505
3512
3513
3515
3516
3517
3518
3521
3523
3527
3530
3532
3533
3535
3537
3538
3539
3542
3556
3559
3560
3562
3564
3566
3567
3568
3569
3578
3590
3608
3609
3611
3612
3613
3616
3619
3620
3625
3626
3627
3628
3629
3630
3632
3635
3637
3638
3639
3640
3642
3643
3644
3647
3649
3650
3654
3655
3658
3659
3660
3666
3667
3668
3681
3683
3687
3688
3689
3690
3691
3692
3693
3701
3703
3707
3708
3709
3710
3711
3712
3713
3714
3715
3716
3719
3720
3721
3733
3734
3736
3739
3749
3758
3759
3762
3763
3764
3765
3767
3768
3770
3771
3772
3781
3782
3783
3787
3806
3808
3810
3817
3822
3824
3826
3828
3832
3840
3841
3851
3852
3857
3859
3864
3865
3873
3874
3875
3876
3877
3880
3881
3884
3885
3886
3887
3889
3891
3893
3896
3899
3901
3902
3904
3907
3908
3917
3925
3929
3930
3934
3938
3943
3944
3960
3961
3964
3966
3970
3971
3972
3973
3976
3978
3994
3996
3998
3999
4002
4003
4004
4005
4006
4007
4012
4015
4017
4022
4025
4026
4030
4032
4033
4034
4040
4041
4044
4045
4049
4053
4054
4064
4065
4066
4067
4070
4071
4074
4075
4076
4078
4079
4080
4081
4082
4083
4084
4085
4088
4090
4100
4102
4104
4105
4107
4112
4113
4114
4118
4119
4120
4121
4143
4145
4146
4148
4150
4153
4157
4158
4159
4174
4177
4178
4179
4180
4181
4184
4187
4191
4192
4193
4194
4198
4199
4201
4211
4222
4225
4226
4227
4228
4229
4230
4231
4232
4233
4234
4235
4236
4237
4242
4244
4248
4249
4250
4251
4252
4255
4256
4260
4261
4262
4263
4264
4265
4268
4269
4270
4271
4272
4274
4280
4281
4283
4284
4285
4286
4287
4288
4290
4291
4292
4299
4304
4305
4306
4311
4312
4316
4319
4322
4323
4329
4330
4332
4338
4343
4348
4349
4353
4356
4357
4358
4361
4363
4365
4372
4375
4377
4381
4382
4387
4389
4391
4394
4400
4402
4407
4409
4410
4412
4416
4424
4427
4430
4432
4433
4434
4436
4437
4438
4441
4446
4448
4449
4451
4454
4455
4456
4460
4461
4463
4464
4466
4469
4470
4474
4479
4485
4486
4487
4488
4489
4492
4494
4496
4499
4501
4506
4516
4517
4522
4530
4531
4532
4540
4541
4542
4543
4544
4552
4553
4556
4563
4564
4567
4568
4574
4578
4590
4591
4592
4603
4605
4606
4607
4608
4618
4620
4622
4623
4628
4629
4630
4631
4632
4633
4638
4639
4648
4650
4654
4658
4659
4660
4662
4665
4667
4671
4676
4677
4694
4695
4698
4700
4701
4702
4708
4710
4711
4713
4715
4716
4717
4718
4721
4723
4728
4729
4744
4755
4796
4800
4801
4803
4804
4805
4807
4808
4810
4811
4812
4816
4822
4824
4828
4830
4832
4836
4837
4843
4846
4860
4861
4862
4863
4864
4867
4869
4872
4873
4875
4880
4884
4885
4886
4890
4891
4892
4895
4901
4903
4904
4905
4908
4909
4912
4913
4915
4916
4917
4921
4923
4924
4925
4926
4928
4930
4937
4938
4941
4953
4956
4964
4965
4966
4967
4969
4971
4974
4975
4976
4977
4989
4996
4997
4998
4999
5004
5011
5012
5021
5024
5038
5039
5041
5046
5056
5057
5059
5060
5062
5068
5073
5075
5076
5081
5083
5091
5096
5097
5098
5101
5103
5104
5105
5106
5108
5111
5123
5124
5125
5126
5133
5138
5147
5148
5149
5151
5153
5155
5156
5161
5164
5167
5173
5174
5175
5176
5177
5180
5181
5199
5200
5201
5202
5208
5213
5216
5231
5232
5233
5234
5237
5246
5247
5248
5249
5255
5259
5264
5265
5266
5269
5272
5274
5276
5277
5281
5282
5286
5287
5288
5289
5290
5309
5311
5312
5313
5314
5315
5316
5317
5318
5319
5320
5322
5323
5337
5348
5352
5368
5389
5390
5392
5393
5398
5401
5403
5404
5408
5410
5411
5412
5417
5418
5419
5422
5424
5426
5435
5436
5440
5444
5445
5460
5461
5467
5469
5471
5490
5499
5501
5502
5503
5508
5523
5524
5526
5534
5550
5553
5557
5558
5561
5563
5571
5575
5576
5577
5595
5608
5614
5626
5636
5643
5659
5660
5668
5671
5682
5691
5700
5702
5714
5718
5722
5724
5728
5730
5734
5737
5738
5740
5755
5760
5761
5762
5768
5769
5770
5772
5775
5779
5780
5781
5782
5791
5793
5796
5797
5801
5803
5804
5807
5808
5820
5823
5826
5829
5835
5837
5839
5848
5855
5856
5860
5863
5869
5872
5877
5886
5887
5888
5890
5891
5893
5902
5903
5905
5953
5965
5967
5968
5970
5971
5973
5979
5980
5985
5986
5987
5989
5994
5998
6001
6002
6015
6025
6029
6032
6034
6037
6038
6040
6041
6042
6043
6044
6051
6052
6053
6054
6055
6056
6060
6063
6066
6068
6069
6070
6071
6078
6083
6084
6090
6097
6098
6099
6100
6101
6102
6108
6112
6116
6120
6121
6122
6123
6124
6129
6130
6149
6153
6156
6158
6161
6162
6163
6166
6172
6173
6174
6175
6176
6183
6189
6190
6192
6217
6223
6241
6242
6243
6244
6249
6252
6253
6258
6259
6260
6265
6266
6267
6268
6269
6270
6278
6283
6288
6289
6294
6295
6296
6301
6302
6305
6311
6316
6320
6321
6323
6324
6325
6327
6331
6339
6340
6341
6342
6343
6344
6352
6353
6355
6359
6361
6366
6367
6368
6371
6378
6380
6382
6383
6386
6403
6405
6408
6411
6415
6449
6450
6452
6456
6457
6458
6459
6460
6461
6469
6470
6471
6472
6473
6474
6475
6478
6479
6480
6481
6485
6486
6489
6490
6491
6492
6493
6494
6495
6496
6500
6506
6507
6508
6521
6534
6535
6538
6540
6541
6542
6543
6545
6547
6548
6552
6568
6605
6610
6612
6613
6618
6622
6627
6628
6629
6630
6655
6660
6661
6665
6667
6668
6669
6673
6674
6675
6676
6682
6687
6688
6695
6700
6701
6702
6706
6708
6712
6713
6721
6722
6723
6726
6731
6736
6738
6740
6742
6744
6746
6747
6748
6753
6754
6755
6760
6761
6762
6763
6764
6765
6766
6767
6768
6770
6771
6772
6774
6781
6786
6787
6789
6790
6791
6794
6797
6801
6802
6804
6806
6808
6809
6811
6812
6813
6814
6815
6820
6822
6825
6826
6827
6828
6829
6830
6831
6832
6833
6835
6836
6837
6840
6845
6847
6848
6849
6853
6854
6857
6861
6865
6868
6869
6870
6871
6872
6874
6876
6878
6884
6885
6888
6893
6894
6895
6896
6898
6910
6922
6923
6924
6935
6937
6938
6945
6953
6956
6957
6958
6964
6971
6972
6974
6976
6977
6978
6983
6984
6986
6988
6989
6995
6996
6998
7000
7004
7005
7009
7013
7014
7015
7020
7021
7025
7026
7027
7028
7031
7032
7037
7038
7043
7044
7046
7047
7052
7053
7064
7065
7066
7069
7070
7071
7075
7081
7082
7085
7088
7094
7101
7115
7128
7137
7140
7143
7144
7147
7148
7151
7152
7153
7159
7182
7183
7184
7185
7187
7190
7212
7219
7220
7221
7225
7243
7249
7269
7272
7278
7279
7282
7296
7298
7302
7311
7314
7320
7332
7333
7334
7335
7343
7344
7346
7347
7355
7356
7357
7358
7359
7361
7370
7373
7376
7379
7392
7393
7394
7395
7396
7402
7411
7418
7419
7430
7431
7432
7435
7436
7437
7441
7447
7449
7450
7453
7455
7456
7458
7471
7473
7484
7486
7490
7491
7492
7497
7499
7502
7504
7509
7515
7517
7528
7529
7530
7531
7532
7533
7538
7542
7546
7548
7549
7550
7552
7562
7566
7575
7576
7578
7581
7582
7584
7585
7597
7599
7600
7601
7607
7608
7609
7617
7620
7621
7622
7623
7624
7628
7631
7636
7640
7650
7651
7659
7660
7666
7668
7669
7670
7672
7676
7677
7678
7679
7685
7688
7689
7692
7707
7708
7709
7712
7715
7716
7718
7721
7726
7728
7729
7730
7735
7740
7750
7753
7754
7764
7765
7766
7767
7787
7788
7789
7792
7795
7798
7807
7824
7825
7840
7841
7844
7845
7853
7854
7855
7858
7859
7862
7865
7869
7870
7871
7872
7875
7880
7881
7882
7887
7890
7892
7893
7895
7896
7897
7914
7923
7926
7927
7928
7931
7932
7934
7935
7938
7940
7942
7943
7944
7947
7948
7968
7969
7970
7971
7978
7979
7991
7992
7993
7995
7999
8000
8001
8002
8003
8004
8009
8014
8019
8023
8024
8026
8028
8029
8031
8032
8035
8044
8046
8048
8049
8050
8055
8065
8066
8067
8079
8080
8087
8088
8089
8090
8094
8095
8098
8099
8113
8116
8117
8118
8122
8123
8124
8125
8134
8135
8139
8142
8146
8147
8148
8149
8151
8154
8155
8156
8160
8165
8166
8167
8168
8169
8172
8183
8184
8187
8188
8191
8195
8196
8197
8205
8206
8208
8209
8210
8214
8215
8216
8217
8218
8221
8227
8228
8229
8237
8238
8248
8249
8250
8251
8252
8253
8258
8259
8260
8261
8262
8263
8264
8267
8268
8271
8272
8273
8287
8305
8306
8310
8312
8316
8317
8318
8319
8320
8322
8323
8324
8326
8347
8348
8357
8359
8361
8378
8389
8390
8391
8392
8393
8405
8406
8410
8411
8412
8415
8417
8419
8420
8421
8422
8423
8424
8438
8439
8444
8446
8452
8464
8476
8477
8503
8504
8505
8506
8507
8508
8513
8515
8519
8523
8533
8534
8537
8538
8539
8540
8543
8544
8545
8552
8555
8557
8560
8563
8564
8565
8568
8571
8572
8574
8596
8602
8609
8614
8615
8618
8619
8627
8635
8636
8637
8638
8639
8640
8641
8642
8643
8647
8650
8660
8663
8664
8665
8666
8674
8676
8678
8699
8700
8705
8706
8707
8708
8709
8710
8711
8714
8715
8716
8719
8720
8732
8734
8735
8736
8737
8738
8739
8740
8744
8756
8757
8760
8763
8765
8767
8769
8773
8777
8780
8781
8782
8784
8785
8787
8788
8799
8800
8801
8803
8804
8806
8807
8808
8809
8810
8815
8816
8817
8818
8819
8821
8822
8825
8827
8840
8847
8848
8849
8850
8851
8852
8854
8856
8862
8864
8869
8870
8879
8880
8881
8882
8883
8886
8887
8888
8920
8922
8928
8930
8934
8936
8938
8940
8952
8953
8954
8957
8961
8962
8963
8969
8972
8982
8983
8984
8986
8989
8990
8991
8993
8994
8996
9000
9003
9005
9007
9008
9009
9014
9015
9018
9019
9020
9021
9028
9029
9039
9041
9043
9044
9046
9047
9056
9057
9059
9060
9062
9063
9065
9066
9067
9069
9075
9077
9078
9081
9082
9084
9085
9088
9091
9092
9095
9102
9105
9110
9112
9121
9123
9124
9127
9128
9129
9133
9138
9142
9152
9154
9155
9156
9158
9159
9160
9161
9162
9163
9174
9177
9179
9188
9189
9190
9191
9192
9194
9206
9208
9214
9223
9225
9234
9235
9239
9245
9246
9257
9259
9261
9262
9263
9264
9276
9283
9285
9288
9291
9293
9296
9298
9300
9303
9305
9309
9310
9312
9313
9317
9321
9326
9327
9328
9330
9331
9332
9342
9343
9344
9347
9348
9349
9357
9364
9365
9366
9368
9371
9373
9375
9376
9377
9379
9382
9383
9384
9393
9402
9404
9405
9408
9413
9414
9422
9424
9425
9426
9430
9431
9434
9442
9446
9447
9448
9451
9464
9468
9469
9470
9474
9475
9476
9477
9478
9480
9483
9487
9489
9491
9495
9496
9498
9500
9507
9513
9527
9538
9541
9543
9545
9547
9550
9552
9553
9554
9555
9556
9560
9562
9565
9566
9567
9568
9573
9576
9579
9591
9593
9595
9601
9603
9608
9610
9611
9612
9613
9614
9619
9620
9622
9623
9624
9625
9626
9627
9632
9635
9636
9637
9639
9644
9645
9646
9649
9650
9653
9654
9656
9657
9659
9663
9664
9665
9666
9667
9668
9670
9671
9672
9674
9675
9676
9677
9680
9686
9687
9688
9689
9690
9691
9692
9693
9700
9702
9703
9704
9706
9714
9716
9720
9723
9731
9734
9737
9738
9742
9744
9746
9748
9754
9760
9762
9763
9765
9770
9779
9780
9781
9782
9783
9785
9786
9788
9789
9790
9791
9792
9795
9796
9798
9799
9800
9801
9802
9803
9804
9805
9808
9811
9812
9815
9816
9817
9818
9819
9823
9825
9829
9831
9836
9837
9839
9840
9841
9842
9843
9844
9846
9848
9859
9860
9867
9870
9871
9873
9874
9888
9897
9904
9907
9909
9910
9914
9915
9916
9920
9922
9926
9927
9930
9937
9940
9941
9942
9943
9945
9946
9947
9953
9955
9960
9961
9963
9965
9969
9976
9977
9979
9981
9982
9984
9986
9988
9991
9993
9995
9998
10003
10005
10012
10014
10019
10020
10021
10023
10024
10027
10028
10031
10032
10034
10035
10036
10043
10046
10047
10048
10049
10050
10051
10052
10053
10054
10056
10057
10059
10060
10063
10064
10067
10069
10071
10072
10074
10077
10081
10083
10086
10088
10089
10090
10095
10098
10102
10107
10108
10122
10125
10126
10127
10133
10134
10135
10138
10139
10140
10141
10142
10143
10144
10145
10146
10149
10150
10151
10152
10155
10156
10157
10158
10159
10160
10161
10168
10169
10172
10173
10175
10176
10180
10190
10191
10193
10195
10197
10199
10200
10201
10203
10204
10205
10206
10219
10222
10224
10225
10232
10237
10239
10241
10242
10244
10245
10246
10247
10248
10249
10255
10256
10260
10262
10263
10264
10266
10267
10268
10271
10273
10277
10278
10279
10282
10284
10286
10288
10290
10292
10294
10296
10301
10302
10304
10308
10311
10314
10318
10321
10322
10324
10325
10333
10336
10340
10341
10342
10344
10349
10350
10352
10355
10357
10358
10359
10360
10362
10364
10365
10374
10375
10376
10377
10380
10384
10387
10390
10391
10396
10397
10400
10402
10404
10408
10415
10418
10419
10421
10425
10426
10433
10435
10436
10438
10439
10441
10442
10444
10446
10448
10449
10452
10454
10455
10458
10459
10462
10465
10470
10471
10474
10475
10482
10483
10484
10485
10486
10487
10488
10489
10490
10491
10493
10494
10495
10496
10506
10507
10508
10509
10516
10520
10522
10523
10524
10526
10527
10528
10529
10539
10540
10542
10544
10545
10546
10548
10556
10557
10567
10569
10571
10572
10580
10583
10584
10585
10588
10590
10593
10596
10598
10600
10603
10604
10605
10607
10608
10612
10614
10616
10617
10619
10621
10625
10630
10632
10633
10636
10638
10639
10641
10643
10645
10646
10647
10650
10651
10653
10654
10656
10657
10659
10662
10663
10664
10667
10669
10673
10674
10676
10677
10678
10679
10680
10684
10686
10691
10692
10694
10695
10696
10697
10698
10700
10702
10703
10708
10709
10710
10711
10712
10713
10715
10718
10719
10720
10722
10724
10726
10727
10728
10729
10736
10737
10739
10740
10741
10744
10747
10748
10751
10752
10753
10754
10757
10760
10761
10764
10774
10775
10776
10777
10778
10779
10784
10794
10796
10797
10799
10800
10802
10804
10809
10813
10814
10823
10828
10829
10831
10834
10835
10836
10837
10838
10839
10840
10844
10847
10848
10850
10852
10856
10861
10877
10878
10880
10881
10882
10884
10899
10903
10904
10905
10906
10910
10917
10919
10920
10924
10926
10930
10931
10933
10936
10940
10944
10946
10948
10951
10955
10957
10958
10959
10960
10961
10964
10966
10969
10972
10975
10977
10983
10985
10986
10990
10994
10995
11000
11001
11002
11003
11005
11007
11008
11009
11010
11011
11012
11019
11021
11022
11026
11028
11029
11032
11033
11038
11039
11040
11042
11046
11059
11060
11062
11063
11064
11066
11067
11069
11070
11080
11083
11085
11086
11087
11089
11090
11092
11098
11099
11100
11103
11107
11122
11129
11130
11133
11137
11141
11142
11148
11153
11154
11156
11157
11159
11160
11161
11169
11171
11172
11173
11177
11199
11203
11206
11208
11209
11210
11219
11220
11222
11223
11224
11225
11230
11231
11232
11234
11236
11238
11242
11243
11244
11245
11249
11252
11253
11258
11259
11261
11264
11267
11268
11270
11271
11272
11273
11274
11278
11279
11280
11283
11284
11285
11286
11289
11290
11294
11295
11305
11307
11310
11311
11312
11315
11317
11323
11324
11329
11330
11335
11338
11345
11346
11358
11359
11360
11363
11365
11368
11370
11373
11385
11386
11387
11390
11391
11398
11400
11402
11405
11406
11408
11413
11415
11416
11419
11420
11421
11424
11426
11427
11428
11429
11430
11435
11436
11437
11438
11439
11440
11446
11451
11454
11455
11458
11459
11462
11467
11470
11475
11476
11478
11479
11480
11483
11484
11485
11486
11489
11491
11492
11493
11494
11495
11496
11499
11500
11501
11502
11506
11507
11511
11515
11516
11519
11523
11524
11528
11534
11537
11550
11553
11556
11558
11559
11565
11566
11569
11572
11584
11585
11586
11587
11589
11590
11597
11598
11599
11600
11601
11607
11608
11609
11611
11612
11613
11618
11624
11625
11626
11628
11629
11630
11632
11633
11635
11636
11637
11638
11640
11644
11645
11646
11647
11648
11650
11651
11654
11655
11658
11659
11661
11662
11663
11665
11666
11667
11669
11672
11673
11674
11675
11677
11679
11680
11682
11683
11684
11686
11687
11688
11689
11690
11691
11693
11695
11696
11700
11701
11703
11704
11708
11711
11715
11716
11717
11718
11723
11728
11731
11735
11736
11739
11740
11746
11748
11749
11750
11752
11754
11756
11758
11759
11760
11761
11766
11767
11769
11773
11774
11775
11778
11785
11791
11796
11798
11800
11801
11802
11805
11806
11807
11808
11809
11810
11811
11813
11817
11822
11823
11824
11831
11835
11837
11838
11839
11840
11843
11847
11849
11850
11854
11857
11860
11861
11862
11873
11875
11877
11878
11880
11881
11882
11883
11884
11888
11889
11895
11896
11906
11907
11908
11909
11910
11911
11912
11920
11922
11923
11928
11930
11938
11942
11943
11945
11952
11954
11955
11956
11957
11958
11960
11965
11966
11967
11970
11973
11978
11981
11982
11983
11986
11992
11994
12002
12004
12006
12008
12009
12010
12014
12015
12019
12021
12022
12023
12026
12027
12029
12030
12031
12032
12033
12035
12039
12042
12043
12048
12053
12055
12056
12058
12059
12060
12064
12065
12066
12067
12069
12073
12074
12075
12077
12079
12083
12088
12089
12092
12094
12096
12098
12100
12101
12102
12106
12107
12108
12109
12112
12114
12116
12117
12120
12121
12122
12123
12125
12127
12129
12130
12132
12133
12135
12136
12141
12142
12146
12147
12149
12151
12157
12159
12160
12162
12166
12167
12168
12170
12174
12175
12176
12177
12180
12186
12187
12189
12191
12192
12193
12194
12195
12196
12199
12201
12202
12206
12207
12208
12210
12211
12215
12216
12217
12218
12220
12221
12223
12227
12228
12229
12230
12231
12232
12237
12240
12242
12243
12244
12246
12247
12250
12256
12257
12260
12263
12268
12269
12270
12271
12272
12274
12277
12279
12280
12282
12286
12287
12288
12290
12292
12295
12296
12297
12299
12300
12301
12304
12308
12309
12311
12312
12318
12319
12320
12322
12323
12325
12326
12327
12328
12330
12331
12333
12334
12336
12337
12339
12341
12344
12346
12348
12357
12360
12366
12368
12369
12375
12377
12378
12381
12382
12384
12391
12394
12395
12396
12397
12399
12406
12407
12411
12414
12415
12416
12417
12422
12430
12431
12432
12433
12437
12438
12439
12440
12441
12447
12448
12449
12454
12455
12462
12463
12465
12468
12472
12484
12485
12488
12489
12490
12508
12509
12510
12511
12512
12513
12516
12521
12529
12530
12531
12532
12533
12536
12537
12538
12539
12540
12541
12543
12546
12547
12548
12550
12559
12570
12587
12589
12590
12592
12596
12600
12601
12610
12611
12612
12613
12614
12619
12621
12622
12627
12631
12632
12635
12648
12651
12652
12657
12662
12664
12667
12674
12675
12676
12678
12679
12680
12681
12682
12683
12686
12696
12697
12698
12699
12701
12702
12703
12704
12705
12706
12707
12708
12709
12710
12711
12712
12713
12714
12715
12716
12717
12718
12719
12720
12721
12722
12723
12724
12735
12737
12739
12751
12755
12756
12757
12774
12775
12777
12782
12784
12786
12791
12792
12794
12796
12805
12807
12820
12833
12835
12841
12849
12851
12852
12853
12854
12855
12857
12858
12859
12873
12874
12875
12876
12878
12882
12883
12884
12886
12890
12891
12892
12893
12894
12895
12920
12925
12926
12927
12928
12929
12930
12932
12933
12935
12936
12937
12939
12940
12951
12952
12953
12954
12955
12959
12960
12962
12963
12964
12965
12966
12971
12972
12973
12974
12975
12983
12984
12985
12986
12987
12988
12989
12995
12998
13010
13011
13012
13013
13017
13019
13021
13023
13024
13025
13026
13027
13030
13034
13046
13050
13051
13052
13059
13061
13063
13064
13065
13066
13068
13069
13070
13071
13085
13086
13088
13089
13090
13097
13103
13105
13109
13115
13116
13117
13118
13120
13123
13124
13131
13132
13133
13134
13137
13138
13139
13140
13141
13142
13143
13144
13148
13149
13151
13152
13153
13154
13155
13173
13187
13188
13191
13192
13193
13194
13195
13201
13202
13207
13213
13217
13219
13223
13232
13233
13244
13245
13246
13248
13263
13269
13270
13271
13272
13276
13300
13301
13302
13303
13312
13313
13316
13319
13321
13322
13326
13329
13338
13341
13342
13345
13346
13347
13351
13354
13361
13362
13364
13379
13380
13383
13384
13385
13386
13400
13403
13405
13407
13408
13409
13410
13415
13416
13417
13418
13419
13420
13421
13423
13431
13432
13433
13434
13435
13437
13446
13466
13467
13468
13469
13470
13471
13472
13474
13475
13477
13479
13480
13481
13484
13488
13491
13493
13494
13495
13497
13503
13505
13510
13511
13512
13515
13517
13522
13523
13525
13526
13527
13528
13530
13531
13532
13533
13534
13535
13536
13537
13538
13539
13541
13542
13543
13544
13545
13546
13547
13548
13549
13550
13556
13561
13562
13563
13564
13565
13566
13569
13572
13573
13574
13575
13576
13578
13579
13580
13581
13582
13583
13586
13587
13588
13591
13596
13598
13603
13607
13608
13609
13611
13612
13614
13615
13620
13621
13627
13629
13639
13641
13642
13644
13645
13647
13666
13670
13672
13676
13677
13682
13688
13690
13691
13692
13700
13701
13702
13705
13706
13707
13708
13709
13714
13715
13716
13720
13722
13723
13724
13726
13728
13729
13730
13731
13732
13734
13735
13736
13737
13738
13742
13743
13752
13753
13759
13760
13769
13770
13771
13776
13788
13792
13815
13816
13817
13818
13819
13820
13821
13832
13834
13838
13840
13841
13853
13854
13855
13862
13864
13865
13866
13867
13868
13869
13870
13871
13872
13873
13876
13887
13888
13892
13895
13896
13898
13917
13919
13921
13922
13923
13925
13928
13929
13930
13946
13952
13953
13954
13955
13956
13957
13958
13959
13960
13966
13972
13974
13982
13985
13986
13991
13994
13995
13996
14003
14009
14011
14013
14017
14019
14021
14022
14023
14024
14025
14028
14034
14039
14040
14043
14047
14048
14053
14055
14058
14059
14060
14062
14063
14064
14065
14066
14067
14072
14073
14078
14087
14090
14093
14095
14096
14097
14098
14099
14100
14101
14102
14103
14104
14105
14108
14111
14114
14115
14117
14118
14120
14121
14129
14131
14132
14133
14140
14143
14145
14147
14151
14153
14154
14155
14156
14159
14160
14162
14169
14171
14176
14178
14179
14180
14181
14183
14184
14185
14192
14195
14196
14199
14200
14205
14211
14213
14220
14221
14222
14224
14225
14226
14232
14239
14245
14247
14253
14257
14258
14259
14260
14262
14263
14265
14266
14267
14269
14270
14279
14282
14284
14290
14293
14294
14295
14303
14307
14309
14310
14311
14313
14314
14318
14319
14330
14331
14333
14340
14341
14342
14349
14354
14356
14357
14358
14367
14371
14373
14376
14381
14384
14385
14386
14387
14388
14394
14400
14401
14402
14405
14406
14407
14408
14409
14410
14411
14412
14414
14415
14416
14417
14421
14423
14424
14425
14426
14430
14438
14440
14442
14443
14445
14446
14447
14448
14456
14457
14459
14460
14463
14473
14476
14477
14479
14480
14484
14485
14487
14488
14489
14491
14492
14494
14495
14496
14501
14504
14505
14508
14510
14512
14521
14533
14538
14540
14543
14544
14548
14552
14553
14554
14561
14562
14571
14572
14573
14574
14575
14576
14583
14587
14589
14598
14601
14603
14605
14606
14607
14608
