1
7
12
19
24
27
28
35
36
38
39
53
69
71
73
75
77
78
85
89
91
92
96
98
101
104
105
112
114
115
117
118
119
122
123
124
125
126
127
131
134
136
137
148
150
153
154
155
156
157
158
159
160
161
162
164
167
174
186
189
190
199
218
219
220
224
226
232
235
252
253
254
255
256
257
258
263
275
277
281
282
285
288
289
297
298
299
302
303
308
309
310
317
318
319
323
328
329
330
335
337
338
339
340
341
342
352
357
364
366
367
368
369
371
372
375
388
389
402
413
414
417
419
420
422
423
424
426
428
430
432
433
434
439
440
442
444
445
446
447
448
449
450
451
455
456
458
459
461
465
476
479
480
481
482
483
491
495
497
504
505
506
510
511
513
514
516
519
526
527
528
547
552
553
560
561
563
564
565
566
568
570
571
580
589
606
607
614
615
619
620
624
625
627
630
631
632
634
635
645
646
647
650
654
659
660
663
667
684
685
686
687
688
695
701
703
704
705
706
707
710
713
714
718
720
732
733
735
738
739
746
748
749
750
752
755
756
768
769
770
772
773
774
775
777
780
781
782
783
788
789
790
791
793
794
797
800
823
826
828
830
831
832
833
835
841
843
849
852
856
857
859
863
866
867
872
873
874
880
888
894
895
896
897
898
899
900
901
902
903
904
905
906
907
908
911
920
921
924
925
926
927
929
931
932
933
934
936
937
943
944
945
954
956
957
961
962
963
967
969
970
971
972
973
979
980
981
982
983
984
989
1007
1009
1011
1013
1015
1016
1020
1025
1026
1031
1039
1041
1042
1043
1044
1045
1046
1049
1050
1051
1054
1060
1061
1064
1065
1066
1067
1068
1069
1075
1076
1077
1078
1080
1081
1083
1084
1086
1087
1088
1089
1090
1091
1105
1106
1107
1108
1112
1114
1116
1117
1118
1119
1122
1123
1124
1127
1129
1130
1132
1137
1138
1142
1143
1146
1148
1151
1153
1155
1156
1159
1160
1164
1165
1166
1170
1177
1179
1187
1189
1192
1201
1204
1205
1210
1211
1212
1213
1214
1217
1222
1223
1227
1231
1236
1238
1245
1252
1255
1256
1257
1259
1263
1265
1271
1272
1275
1280
1281
1282
1283
1292
1293
1294
1295
1296
1300
1304
1305
1323
1324
1325
1326
1327
1328
1329
1330
1331
1332
1339
1346
1347
1348
1349
1364
1365
1367
1368
1387
1388
1393
1394
1395
1403
1404
1406
1408
1409
1410
1412
1413
1414
1415
1416
1420
1423
1424
1428
1429
1430
1431
1432
1433
1434
1435
1436
1437
1439
1453
1456
1457
1458
1465
1466
1467
1468
1471
1475
1476
1481
1482
1489
1490
1494
1495
1496
1497
1498
1499
1500
1507
1508
1515
1525
1528
1530
1531
1532
1536
1537
1539
1543
1544
1545
1546
1548
1549
1550
1551
1552
1553
1554
1557
1560
1561
1562
1565
1568
1569
1571
1572
1573
1582
1583
1591
1592
1594
1595
1597
1614
1618
1619
1622
1624
1627
1632
1635
1636
1642
1643
1646
1650
1652
1653
1654
1658
1661
1662
1665
1666
1668
1669
1670
1673
1677
1678
1679
1680
1681
1682
1683
1687
1695
1696
1697
1699
1702
1706
1707
1708
1709
1710
1711
1712
1713
1714
1716
1718
1719
1721
1722
1723
1724
1731
1735
1739
1746
1747
1748
1749
1752
1753
1754
1755
1756
1757
1758
1759
1760
1765
1766
1767
1768
1772
1774
1776
1777
1779
1780
1782
1783
1798
1802
1805
1809
1811
1813
1814
1815
1816
1817
1818
1825
1826
1829
1830
1831
1832
1833
1834
1835
1837
1840
1841
1842
1844
1845
1847
1849
1850
1857
1858
1860
1862
1863
1865
1867
1868
1872
1874
1875
1876
1877
1880
1881
1882
1883
1886
1887
1888
1889
1890
1891
1892
1893
1894
1895
1897
1900
1902
1903
1904
1905
1906
1907
1908
1910
1911
1912
1913
1914
1915
1916
1922
1923
1924
1925
1926
1932
1933
1934
1940
1941
1943
1944
1945
1946
1952
1954
1955
1965
1973
1974
1980
1981
1983
1986
1994
1996
1997
1998
1999
2001
2004
2005
2017
2024
2025
2027
2028
2031
2036
2037
2038
2042
2043
2044
2047
2050
2051
2054
2069
2070
2071
2072
2073
2074
2075
2082
2083
2086
2090
2095
2097
2098
2101
2102
2105
2106
2111
2118
2121
2122
2124
2125
2130
2136
2145
2146
2176
2179
2180
2181
2182
2184
2188
2189
2190
2191
2197
2198
2199
2200
2201
2202
2203
2205
2214
2215
2217
2218
2220
2221
2222
2223
2224
2225
2226
2227
2228
2229
2233
2235
2238
2243
2244
2245
2247
2248
2249
2257
2258
2263
2264
2265
2266
2288
2304
2305
2306
2315
2316
2317
2318
2320
2321
2322
2326
2327
2333
2337
2340
2341
2361
2362
2363
2364
2365
2366
2374
2386
2399
2402
2408
2409
2422
2425
2426
2427
2428
2430
2431
2433
2434
2435
2436
2437
2438
2439
2440
2446
2449
2450
2451
2453
2459
2461
2464
2465
2470
2471
2474
2476
2477
2480
2481
2484
2485
2486
2487
2489
2490
2491
2496
2503
2505
2507
2508
2514
2519
2522
2525
2528
2529
2530
2533
2534
2536
2537
2538
2541
2542
2543
2544
2547
2548
2549
2550
2552
2554
2555
2557
2558
2559
2561
2562
2563
2564
2565
2567
2568
2569
2572
2573
2575
2578
2580
2581
2582
2585
2591
2593
2602
2608
2609
2610
2611
2612
2613
2618
2619
2621
2623
2624
2625
2632
2634
2635
2636
2638
2641
2644
2647
2651
2653
2657
2659
2661
2662
2663
2664
2665
2670
2671
2673
2676
2677
2679
2680
2681
2682
2683
2685
2687
2688
2689
2690
2691
2692
2694
2695
2696
2699
2701
2702
2707
2708
2712
2714
2716
2722
2725
2733
2734
2740
2742
2743
2744
2747
2749
2750
2751
2754
2755
2756
2757
2760
2761
2762
2774
2775
2777
2779
2780
2782
2783
2784
2785
2787
2788
2789
2790
2791
2792
2794
2796
2800
2802
2804
2811
2812
2813
2814
2817
2818
2819
2821
2826
2838
2839
2841
2842
2845
2848
2849
2850
2851
2852
2853
2854
2855
2856
2857
2859
2860
2862
2863
2864
2866
2868
2869
2870
2872
2876
2877
2879
2886
2887
2888
2889
2891
2893
2895
2900
2904
2906
2911
2912
2913
2918
2923
2925
2927
2928
2933
2934
2935
2937
2938
2939
2940
2943
2945
2946
2947
2949
2950
2951
2961
2964
2968
2969
2975
2976
2977
2978
2980
2982
2983
2986
2987
2988
2989
2990
2991
2994
2997
2998
2999
3000
3001
3002
3006
3009
3014
3019
3022
3023
3024
3030
3031
3033
3035
3037
3041
3043
3050
3051
3052
3053
3054
3055
3056
3057
3058
3059
3060
3061
3062
3068
3069
3073
3074
3082
3083
3090
3091
3092
3094
3095
3098
3104
3110
3112
3113
3118
3119
3120
3121
3122
3123
3124
3127
3128
3131
3132
3133
3134
3136
3138
3139
3140
3142
3143
3145
3148
3151
3154
3155
3157
3159
3162
3163
3167
3179
3180
3182
3183
3186
3188
3191
3196
3197
3198
3201
3206
3208
3210
3212
3213
3218
3220
3225
3226
3227
3228
3230
3231
3232
3233
3234
3236
3237
3238
3239
3241
3243
3248
3249
3251
3254
3255
3257
3259
3260
3261
3264
3268
3273
3276
3282
3291
3294
3298
3299
3300
3301
3303
3305
3308
3310
3311
3314
3315
3316
3318
3320
3321
3322
3323
3325
3329
3331
3333
3334
3336
3338
3344
3345
3346
3347
3348
3349
3350
3351
3352
3354
3362
3368
3369
3370
3375
3376
3379
3380
3386
3389
3393
3395
3397
3401
3403
3404
3405
3406
3407
3411
3412
3414
3418
3419
3421
3427
3429
3434
3439
3441
3442
3444
3445
3446
3449
3453
3454
3457
3459
3460
3463
3464
3466
3470
3471
3476
3478
3485
3487
3488
3489
3494
3498
3499
3506
3507
3508
3515
3523
3526
3530
3536
3538
3542
3543
3546
3548
3549
3551
3552
3556
3557
3560
3561
3563
3564
3565
3566
3567
3568
3569
3570
3571
3573
3578
3580
3585
3586
3591
3596
3600
3601
3605
3606
3612
3614
3615
3624
3626
3633
3637
3639
3641
3646
3648
3650
3652
3653
3659
3660
3672
3673
3676
3679
3682
3683
3686
3688
3689
3690
3692
3693
3694
3697
3700
3701
3704
3707
3714
3716
3717
3718
3720
3721
3725
3726
3727
3728
3729
3730
3731
3735
3736
3738
3740
3741
3744
3745
3754
3758
3759
3766
3768
3769
3770
3771
3773
3775
3779
3780
3783
3784
3785
3786
3788
3789
3790
3793
3794
3795
3796
3797
3801
3802
3803
3804
3808
3809
3815
3817
3818
3820
3821
3822
3823
3824
3825
3826
3827
3828
3829
3830
3831
3832
3833
3834
3835
3836
3837
3838
3840
3841
3843
3844
3847
3848
3849
3852
3854
3856
3859
3860
3862
3866
3867
3868
3869
3870
3871
3872
3876
3877
3879
3882
3883
3885
3890
3892
3897
3899
3900
3901
3902
3907
3908
3909
3910
3911
3919
3928
3931
3932
3934
3936
3938
3939
3940
3942
3943
3944
3945
3946
3947
3955
3957
3958
3959
3966
3967
3968
3974
3979
3986
3987
3990
3995
3996
3998
4000
4002
4004
4005
4006
4007
4009
4010
4011
4012
4014
4017
4023
4027
4028
4029
4034
4035
4041
4053
4054
4055
4056
4057
4060
4061
4063
4064
4066
4067
4068
4074
4086
4088
4092
4100
4101
4107
4108
4114
4122
4124
4133
4148
4159
4163
4164
4165
4166
4169
4170
4171
4176
4177
4178
4179
4180
4181
4183
4198
4200
4209
4213
4215
4217
4220
4221
4222
4223
4225
4227
4232
4233
4238
4240
4242
4244
4245
4250
4253
4254
4261
4262
4269
4270
4271
4272
4275
4279
4280
4282
4283
4284
4291
4293
4301
4306
4307
4314
4315
4317
4319
4327
4330
4331
4332
4333
4336
4337
4339
4349
4350
4351
4356
4357
4369
4372
4373
4374
4375
4377
4379
4382
4385
4386
4387
4388
4389
4393
4397
4400
4401
4402
4407
4408
4410
4411
4413
4414
4416
4417
4418
4419
4420
4421
4422
4423
4424
4425
4426
4434
4435
4437
4439
4442
4443
4444
4445
4449
4450
4453
4454
4456
4461
4462
4466
4471
4472
4473
4475
4476
4477
4478
4487
4488
4489
4490
4492
4500
4501
4502
4505
4507
4508
4516
4520
4521
4525
4531
4532
4533
4534
4537
4538
4544
4548
4556
4557
4558
4559
4561
4562
4563
4565
4566
4570
4571
4576
4577
4581
4586
4588
4589
4592
4597
4600
4601
4602
4603
4605
4606
4608
4609
4610
4611
4613
4615
4616
4617
4619
4621
4622
4623
4626
4627
4628
4630
4632
4633
4635
4636
4637
4639
4640
4641
4645
4646
4653
4654
4659
4660
4661
4662
4663
4664
4665
4666
4668
4676
4678
4680
4681
4683
4684
4686
4689
4691
4693
4694
4695
4700
4704
4706
4707
4714
4723
4724
4726
4727
4728
4729
4733
4735
4737
4738
4739
4742
4743
4746
4747
4749
4750
4751
4752
4753
4754
4755
4757
4759
4760
4763
4764
4765
4766
4767
4769
4771
4773
4774
4775
4777
4778
4779
4782
4784
4786
4787
4789
4791
4794
4795
4797
4798
4799
4806
4809
4810
4812
4813
4814
4817
4819
4821
4825
4826
4827
4828
4829
4830
4831
4832
4833
4834
4835
4836
4837
4843
4844
4845
4847
4850
4861
4862
4863
4864
4865
4866
4867
4868
4872
4873
4874
4876
4880
4881
4883
4888
4889
4890
4891
4892
4895
4896
4898
4906
4907
4912
4913
4914
4915
4918
4919
4920
4921
4922
4923
4924
4929
4932
4938
4939
4941
4942
4943
4944
4945
4946
4947
4948
4960
4962
4963
4966
4970
4971
4972
4973
4974
4975
4976
4977
4980
4981
4982
4985
4986
4988
4994
4997
4998
4999
5001
5003
5005
5006
5010
5011
5012
5016
5017
5018
5021
5031
5032
5033
5034
5037
5038
5039
5042
5044
5045
5046
5047
5056
5057
5058
5059
5060
5061
5063
5064
5065
5066
5067
5068
5070
5071
5076
5077
5078
5079
5080
5081
5082
5083
5084
5085
5086
5087
5088
5090
5101
5102
5103
5105
5106
5107
5108
5109
5111
5112
5119
5123
5126
5139
5140
5144
5145
5146
5147
5148
5150
5153
5154
5155
5156
5158
5160
5165
5166
5169
5171
5173
5182
5183
5187
5193
5195
5202
5203
5204
5205
5208
5219
5220
5223
5225
5232
5235
5236
5239
5241
5244
5254
5255
5256
5259
5260
5261
5262
5263
5264
5265
5266
5274
5275
5276
5278
5279
5280
5281
5282
5284
5285
5287
5288
5291
5297
5299
5315
5316
5321
5323
5329
5339
5340
5341
5342
5343
5344
5345
5350
5351
5352
5353
5354
5364
5365
5367
5368
5370
5371
5372
5375
5377
5379
5387
5390
5394
5396
5398
5399
5400
5401
5402
5403
5404
5405
5406
5410
5411
5412
5419
5420
5421
5422
5423
5424
5428
5432
5433
5434
5435
5436
5440
5442
5443
5444
5445
5447
5449
5450
5455
5456
5458
5459
5462
5464
5465
5467
5468
5469
5475
5478
5479
5480
5481
5482
5484
5486
5491
5492
5493
5494
5497
5498
5500
5501
5502
5503
5505
5506
5508
5511
5512
5515
5516
5517
5519
5520
5524
5525
5526
5527
5533
5536
5538
5539
5546
5547
5549
5550
5552
5553
5556
5557
5559
5561
5564
5565
5569
5570
5571
5575
5576
5577
5578
5579
5580
5584
5589
5595
5596
5617
5618
5623
5625
5626
5635
5638
5639
5641
5645
5646
5648
5649
5650
5651
5652
5658
5659
5663
5671
5686
5695
5696
5697
5698
5699
5700
5701
5702
5704
5705
5707
5708
5712
5714
5715
5716
5718
5720
5721
5723
5725
5727
5728
5729
5738
5740
5746
5747
5749
5750
5751
5752
5757
5758
5759
5760
5763
5764
5769
5770
5773
5774
5789
5795
5801
5811
5812
5814
5825
5839
5846
5847
5848
5852
5868
5871
5872
5890
5891
5896
5898
5901
5902
5903
5905
5917
5919
5926
5933
5944
5945
5947
5949
5951
5953
5955
5957
5958
5960
5965
5966
5969
5975
5977
5978
5979
5990
5991
5992
5993
5994
5998
6000
6002
6004
6005
6008
6009
6010
6011
6015
6018
6019
6022
6023
6024
6025
6026
6029
6030
6031
6033
6034
6036
6043
6045
6046
6047
6048
6049
6050
6051
6056
6057
6058
6072
6073
6074
6079
6080
6084
6085
6090
6092
6099
6100
6103
6106
6107
6108
6115
6116
6121
6122
6123
6124
6130
6131
6132
6134
6135
6136
6137
6138
6139
6140
6141
6142
6143
6144
6145
6148
6150
6151
6152
6153
6154
6156
6160
6161
6170
6173
6179
6183
6184
6188
6189
6192
6196
6204
6210
6211
6212
6216
6218
6221
6223
6224
6230
6238
6244
6247
6249
6250
6253
6254
6257
6259
6261
6263
6264
6265
6267
6268
6276
6277
6278
6279
6280
6281
6282
6283
6284
6286
6288
6299
6300
6303
6309
6316
6318
6319
6320
6332
6335
6337
6338
6339
6346
6350
6356
6359
6360
6361
6362
6364
6365
6366
6367
6372
6373
6375
6380
6381
6382
6383
6384
6385
6387
6401
6403
6404
6405
6406
6407
6408
6409
6410
6417
6418
6419
6420
6421
6422
6423
6424
6425
6426
6427
6428
6429
6430
6436
6438
6444
6445
6446
6447
6448
6449
6450
6451
6452
6455
6456
6457
6459
6463
6465
6466
6468
6473
6474
6475
6476
6477
6478
6479
6480
6481
6482
6488
6493
6494
6495
6498
6499
6500
6503
6505
6510
6525
6528
6529
6531
6532
6534
6536
6539
6540
6541
6542
6543
6544
6545
6546
6547
6548
6550
6553
6554
6555
6560
6570
6571
6572
6573
6575
6577
6578
6579
6580
6581
6582
6583
6584
6585
6587
6588
6592
6593
6594
6595
6596
6599
6600
6603
6604
6605
6607
6615
6621
6638
6658
6659
6660
6661
6662
6664
6672
6676
6677
6678
6679
6680
6681
6686
6687
6689
6691
6694
6695
6698
6700
6703
6704
6705
6707
6712
6713
6714
6721
6722
6723
6724
6725
6726
6727
6728
6729
6730
6731
6732
6733
6734
6735
6736
6737
6740
6742
6745
6747
6748
6750
6752
6753
6756
6757
6759
6764
6765
6766
6767
6768
6776
6777
6778
6779
6780
6781
6782
6783
6784
6785
6786
6787
6788
6789
6790
6797
6798
6800
6801
6805
6807
6808
6810
6811
6813
6818
6819
6821
6822
6824
6825
6826
6827
6829
6838
6842
6843
6844
6847
6848
6849
6850
6859
6860
6862
6863
6864
6867
6868
6869
6870
6871
6873
6874
6875
6876
6878
6880
6882
6884
6885
6895
6900
6903
6904
6905
6908
6912
6914
6919
6920
6921
6922
6923
6928
6929
6932
6934
6935
6936
6941
6942
6943
6944
6945
6948
6949
6950
6952
6955
6956
6957
6958
6961
6962
6963
6964
6967
6968
6977
6978
6981
6982
6985
7003
7004
7013
7014
7017
7018
7020
7023
7024
7025
7029
7030
7031
7033
7034
7039
7047
7053
7054
7057
7059
7061
7062
7065
7066
7067
7070
7071
7077
7078
7082
7084
7085
7086
7091
7096
7097
7099
7100
7101
7103
7105
7106
7107
7112
7113
7114
7120
7121
7122
7125
7128
7130
7133
7134
7135
7137
7138
7139
7143
7148
7149
7150
7151
7152
7153
7157
7159
7165
7166
7167
7168
7169
7170
7172
7179
7180
7182
7190
7191
7192
7194
7195
7196
7197
7200
7201
7202
7203
7204
7205
7206
7207
7211
7212
7217
7220
7221
7222
7223
7224
7225
7226
7227
7228
7231
7232
7235
7236
7244
7245
7246
7247
7249
7251
7252
7253
7254
7255
7256
7257
7258
7263
7265
7266
7267
7268
7269
7272
7273
7274
7275
7276
7277
7278
7279
7280
7281
7282
7284
7285
7286
7287
7290
7291
7292
7293
7294
7302
7303
7304
7307
7308
7309
7310
7311
7312
7313
7320
7327
7328
7330
7331
7332
7343
7344
7345
7346
7347
7348
7354
7357
7358
7375
7379
7384
7387
7388
7391
7395
7397
7399
7400
7403
7404
7405
7406
7409
7410
7412
7415
7416
7421
7422
7423
7424
7425
7426
7427
7428
7429
7430
7433
7437
7440
7442
7452
7453
7455
7456
7457
7458
7460
7461
7462
7466
7469
7470
7471
7476
7477
7479
7481
7485
7486
7488
7489
7491
7493
7494
7495
7496
7497
7503
7504
7505
7506
7507
7508
7509
7513
7515
7516
7517
7522
7524
7525
7529
7530
7531
7532
7533
7534
7535
7536
7540
7541
7548
7550
7552
7553
7558
7559
7561
7562
7563
7566
7567
7569
7570
7571
7572
7573
7575
7576
7577
7578
7579
7586
7587
7588
7589
7590
7593
7597
7598
7604
7605
7606
7611
7614
7618
7619
7621
7623
7625
7626
7627
7629
7630
7634
7637
7638
7640
7641
7642
7644
7645
7648
7652
7653
7656
7657
7658
7659
7660
7661
7662
7663
7666
7670
7672
7673
7674
7675
7681
7685
7687
7689
7692
7695
7696
7697
7698
7699
7700
7702
7703
7704
7705
7706
7710
7712
7715
7716
7721
7722
7729
7731
7733
7734
7741
7742
7745
7746
7749
7750
7751
7756
7757
7759
7760
7761
7762
7763
7764
7765
7766
7767
7768
7769
7770
7771
7775
7776
7778
7785
7787
7788
7789
7791
7792
7793
7794
7795
7796
7800
7805
7823
7826
7830
7832
7834
7835
7836
7837
7838
7841
7849
7850
7851
7852
7853
7854
7855
7857
7861
7872
7873
7874
7875
7876
7877
7885
7886
7890
7891
7894
7896
7897
7898
7899
7901
7902
7903
7904
7905
7907
7908
7911
7914
7919
7920
7921
7922
7925
7928
7930
7931
7932
7935
7939
7940
7944
7945
7946
7947
7950
7951
7954
7956
7957
7959
7967
7968
7969
7971
7972
7974
7977
7978
7979
7980
7981
7982
7983
7984
7985
7986
7988
7989
7994
7995
7999
8000
8001
8005
8006
8008
8009
8010
8012
8015
8017
8018
8020
8023
8024
8025
8028
8041
8045
8056
8057
8058
8061
8062
8063
8064
8067
8068
8069
8070
8071
8072
8073
8077
8080
8082
8087
8088
8089
8090
8091
8092
8093
8095
8096
8097
8098
8099
8100
8101
8103
8104
8106
8107
8109
8111
8112
8113
8114
8116
8117
8118
8119
8120
8124
8127
8129
8130
8131
8132
8133
8136
8138
8139
8140
8141
8142
8143
8148
8150
8152
8153
8154
8155
8156
8157
8158
8159
8160
8161
8162
8163
8164
8169
8173
8174
8175
8176
8177
8180
8182
8183
8188
8190
8192
8194
8195
8201
8202
8203
8204
8207
8208
8209
8210
8211
8212
8214
8217
8222
8227
8236
8237
8238
8239
8240
8241
8242
8243
8244
8245
8246
8247
8248
8249
8251
8253
8254
8260
8262
8264
8265
8266
8267
8280
8281
8282
8284
8285
8286
8288
8291
8292
8294
8295
8296
8297
8298
8299
8300
8301
8302
8303
8304
8306
8307
8309
8310
8311
8312
8313
8314
8318
8319
8322
8323
8325
8326
8327
8328
8329
8330
8331
8337
8339
8340
8341
8342
8343
8344
8352
8353
8358
8359
8362
8363
8365
8367
8368
8369
8370
8371
8372
8373
8374
8375
8377
8378
8382
8383
8384
8386
8387
8388
8393
8394
8395
8397
8398
8399
8400
8402
8403
8404
8409
8410
8412
8414
8415
8417
8418
8419
8420
8421
8422
8423
8429
8433
8434
8435
8437
8439
8449
8451
8452
8455
8457
8458
8459
8461
8463
8464
8465
8466
8467
8468
8469
8470
8471
8472
8475
8477
8479
8481
8482
8483
8484
8486
8487
8488
8489
8490
8492
8494
8495
8497
8498
8501
8502
8504
8506
8508
8509
8510
8514
8515
8516
8518
8519
8522
8523
8525
8527
8528
8529
8530
8531
8532
8533
8534
8535
8536
8541
8542
8543
8547
8548
8551
8560
8562
8563
8564
8565
8566
8567
8568
8569
8570
8571
8573
8574
8575
8576
8585
8592
8593
8596
8597
8600
8601
8602
8603
8608
8610
8611
8612
8613
8614
8616
8619
8621
8622
8627
8628
8629
8630
8650
8657
8659
8660
8661
8662
8664
8667
8668
8670
8671
8672
8673
8675
8677
8678
8679
8682
8684
8688
8691
8692
8693
8694
8695
8697
8698
8701
8702
8703
8704
8707
8708
8710
8711
8715
8717
8718
8719
8720
8722
8724
8725
8727
8729
8730
8732
8733
8736
8739
8740
8743
8745
8746
8748
8749
8753
8754
8755
8761
8763
8765
8769
8772
8773
8776
8778
8779
8780
8781
8782
8784
8785
8788
8791
8793
8795
8796
8798
8799
8800
8801
8803
8805
8810
8812
8815
8816
8817
8821
8823
8824
8829
8834
8835
8836
8837
8838
8839
8840
8841
8842
8843
8845
8846
8850
8851
8854
8855
8856
8857
8858
8859
8860
8861
8862
8864
8865
8866
8867
8868
8869
8870
8871
8872
8873
8875
8878
8879
8880
8881
8882
8886
8887
8892
8893
8894
8896
8899
8900
8901
8906
8907
8908
8909
8910
8911
8913
8914
8915
8916
8920
8921
8922
8923
8924
8925
8927
8928
8930
8932
8933
8934
8935
8936
8938
8940
8941
8942
8943
8944
8948
8949
8950
8952
8953
8954
8955
8956
8958
8959
8960
8961
8962
8963
8966
8967
8969
8974
8975
8976
8977
8978
8980
8982
8983
8988
8989
8990
8992
8994
8995
8996
8997
8998
8999
9000
9001
9002
9003
9004
9005
9006
9007
9008
9011
9013
9014
9015
9016
9022
9023
9026
9029
9030
9032
9033
9037
9038
9041
9042
9044
9048
9050
9051
9052
9055
9056
9057
9058
9061
9062
9063
9064
9065
9066
9067
9069
9070
9072
9073
9077
9080
9081
9082
9083
9084
9085
9087
9091
9092
9093
9098
9099
9105
9107
9108
9112
9114
9115
9116
9117
9118
9119
9120
9122
9123
9124
9125
9126
9128
9129
9131
9132
9137
9138
9140
9141
9142
9143
9144
9145
9148
9152
9154
9155
9157
9158
9160
9161
9163
9167
9168
9174
9175
9176
9177
9178
9180
9182
9187
9188
9189
9190
9191
9194
9195
9196
9200
9203
9206
9208
9209
9211
9213
9214
9215
9216
9217
9218
9219
9220
9223
9224
9225
9226
9227
9228
9229
9231
9232
9233
9234
9235
9236
9237
9244
9245
9247
9248
9249
9250
9251
9252
9253
9254
9255
9256
9258
9259
9260
9262
9263
9264
9266
9269
9271
9273
9274
9275
9276
9277
9278
9279
9281
9282
9283
9284
9285
9286
9287
9290
9291
9292
9302
9303
9304
9305
9306
9307
9308
9313
9315
9317
9318
9319
9322
9329
9331
9339
9341
9342
9343
9344
9345
9346
9347
9348
9349
9350
9351
9352
9353
9354
9357
9358
9359
9360
9361
9362
9371
9373
9374
9375
9376
9377
9379
9380
9381
9385
9386
9387
9388
9389
9390
9391
9396
9397
9398
9406
9407
9408
9409
9412
9415
9417
9419
9424
9427
9431
9432
9433
9434
9442
9443
9444
9445
9446
9447
9448
9449
9450
9451
9452
9453
9455
9456
9459
9463
9467
9468
9469
9470
9471
9472
9474
9475
9476
9477
9478
9494
9496
9497
9498
9502
9503
9504
9505
9508
9509
9510
9514
9515
9516
9517
9518
9519
9520
9522
9523
9525
9526
9527
9530
9532
9533
9536
9542
9543
9544
9546
9547
9549
9556
9557
9558
9559
9560
9562
9565
9576
9577
9581
9582
9584
9585
9587
9592
9593
9594
9595
9596
9597
9600
9602
9603
9604
9605
9607
9609
9611
9612
9613
9614
9616
9617
9621
9622
9623
9624
9625
9627
9628
9629
9630
9636
9638
9639
9642
9644
9646
9649
9651
9658
9659
9660
9665
9666
9667
9668
9677
9678
9679
9680
9681
9683
9686
9687
9688
9692
9693
9694
9697
9698
9700
9703
9704
9708
9709
9711
9712
9713
9714
9715
9716
9717
9718
9719
9720
9721
9722
9723
9724
9725
9726
9728
9729
9730
9732
9735
9736
9738
9739
9740
9744
9745
9750
9755
9757
9760
9761
9762
9764
9765
9766
9767
9768
9769
9770
9771
9772
9773
9774
9775
9776
9779
9780
9783
9784
9785
9790
9791
9793
9794
9795
9798
9802
9803
9804
9805
9806
9807
9813
9814
9815
9816
9817
9818
9819
9820
9821
9828
9830
9834
9835
9836
9840
9848
9850
9851
9853
9856
9857
9860
9861
9862
9865
9866
9867
9870
9873
9874
9875
9876
9879
9882
9883
9884
9885
9886
9887
9888
9891
9892
9901
9902
9903
9904
9906
9907
9908
9916
9917
9921
9923
9924
9925
9926
9928
9929
9931
9932
9933
9934
9935
9936
9937
9940
9941
9942
9943
9944
9954
9955
9956
9957
9961
9962
9963
9965
9966
9967
9968
9969
9970
9971
9973
9974
9975
9979
9981
9982
9983
9996
9997
9999
10000
10002
10004
10007
10010
10012
10013
10015
10019
10020
10022
10023
10024
10025
10026
10027
10028
10029
10030
10031
10032
10033
10034
10035
10036
10037
10038
10039
10040
10041
10044
10045
10046
10047
10048
10049
10050
10054
10055
10062
10065
10066
10067
10068
10069
10071
10072
10073
10076
10078
10082
10091
10095
10101
10104
10105
10106
10108
10109
10111
10113
10114
10115
10117
10118
10119
10122
10127
10128
10129
10130
10131
10132
10134
10135
10139
10140
10141
10146
10147
10148
10149
10150
10151
10152
10153
10156
10158
10159
10165
10166
10167
10168
10174
10176
10181
10184
10185
10187
10192
10193
10194
10195
10196
10197
10198
10199
10200
10201
10202
10203
10204
10208
10209
10210
10212
10214
10215
10217
10219
10220
10221
10224
10225
10226
10227
10228
10231
10233
10234
10236
10238
10239
10241
10246
10247
10248
10250
10251
10252
10253
10255
10256
10257
10260
10261
10262
10265
10266
10267
10268
10269
10270
10271
10272
10279
10280
10282
10283
10284
10285
10286
10287
10288
10289
10290
10292
10293
10294
10295
10297
10298
10299
10301
10304
10305
10307
10308
10309
10310
10311
10312
10313
10314
10322
10323
10324
10325
10326
10327
10328
10329
10334
10335
10337
10340
10341
10344
10346
10352
10353
10354
10355
10356
10357
10358
10359
10360
10361
10362
10363
10364
10365
10366
10367
10368
10369
10370
10372
10373
10374
10375
10376
10378
10379
10386
10387
10388
10391
10392
10400
10405
10408
10409
10410
10416
10417
10418
10420
10421
10422
10423
10424
10425
10426
10427
10428
10429
10430
10431
10432
10433
10434
10435
10436
10437
10438
10442
10444
10445
10446
10447
10448
10449
10457
10458
10459
10461
10462
10463
10464
10465
10466
10467
10468
10469
10470
10471
10472
10473
10474
10475
10477
10479
10480
10481
10483
10485
10487
10488
10489
10491
10496
10498
10499
10501
10505
10509
10510
10511
10512
10514
10515
10517
10518
10519
10522
10523
10525
10528
10531
10532
10533
10534
10536
10538
10539
10542
10543
10547
10548
10550
10551
10552
10553
10555
10556
10557
10560
10561
10563
10564
10565
10566
10567
10569
10570
10571
10572
10575
10578
10579
10583
10584
10586
10587
10591
10593
10597
10599
10600
10601
10602
10603
10605
10606
10608
10609
10610
10611
10612
10613
10614
10615
10617
10620
10622
10625
10630
10633
10635
10636
10637
10638
10639
10641
10644
10647
10648
10653
10654
10655
10656
10657
10660
10661
10662
10663
10666
10667
10668
10669
10671
10672
10673
10674
10675
10676
10677
10678
10679
10680
10683
10685
10686
10687
10689
10690
10691
10693
10696
10697
10698
10700
10705
10707
10709
10710
10711
10712
10713
10714
10718
10719
10720
10725
10726
10727
10728
10730
10731
10732
10734
10735
10736
10737
10742
10743
10744
10746
10747
10748
10749
10750
10751
10752
10753
10754
10755
10757
10758
10759
10760
10761
10763
10764
10767
10768
10769
10777
10781
10783
10784
10785
10787
10788
10789
10790
10791
10792
10793
10795
10796
10803
10804
10805
10807
10808
10809
10810
10811
10814
10816
10817
10821
10822
10823
10825
10829
10830
10836
10837
10838
10840
10841
10842
10844
10845
10846
10847
10848
10849
10855
10860
10861
10864
10868
10869
10871
10872
10876
10877
10878
10880
10881
10882
10883
10884
10885
10886
10887
10888
10889
10890
10891
10892
10893
10894
10897
10898
10899
10904
10905
10911
10912
10913
10914
10915
10916
10917
10918
10919
10920
10921
10922
10926
10928
10930
10931
10933
10934
10935
10937
10938
10940
10942
10947
10948
10952
10955
10957
10964
10965
10966
10969
10970
10971
10972
10973
10974
10975
10976
10977
10978
10979
10980
10982
10983
10984
10985
10986
10987
10989
10990
10991
10992
10995
10997
10998
10999
11000
11001
11003
11009
11010
11011
11012
11013
11019
11020
11021
11022
11026
11027
11028
11029
11032
11033
11034
11038
11039
11040
11044
11045
11046
11047
11049
11050
11051
11052
11059
11060
11061
11062
11063
11065
11069
11070
11071
11072
11073
11074
11077
11078
11079
11080
11082
11084
11086
11087
11088
11089
11090
11094
11095
11097
11098
11099
11100
11101
11102
11103
11104
11106
11107
11108
11109
11114
11116
11117
11118
11119
11120
11122
11123
11124
11125
11127
11128
11129
11130
11131
11132
11133
11136
11138
11139
11140
11141
11143
11145
11146
11153
11154
11155
11156
11162
11163
11168
11172
11173
11174
11175
11180
11181
11184
11185
11186
11187
11191
11198
11199
11202
11205
11209
11210
11211
11212
11213
11214
11215
11216
11217
11218
11219
11221
11228
11229
11230
11231
11232
11233
11234
11236
11241
11242
11243
11244
11250
11251
11255
11256
11257
11259
11260
11263
11264
11265
11266
11267
11270
11271
11273
11274
11276
11277
11278
11279
11281
11282
11283
11284
11285
11288
11289
11290
11291
11292
11293
11297
11299
11300
11301
11302
11303
11304
11305
11306
11307
11308
11309
11310
11311
11314
11316
11318
11320
11331
11332
11336
11337
11338
11339
11340
11341
11342
11344
11353
11354
11356
11357
11358
11359
11360
11361
11362
11363
11364
11365
11366
11367
11368
11369
11370
11371
11372
11375
11376
11379
11380
11381
11386
11387
11388
11389
11393
11394
11395
11396
11397
11398
11409
11410
11411
11412
11413
11414
11415
11416
11417
11418
11419
11420
11422
11423
11425
11426
11427
11429
11430
11431
11432
11434
11435
11436
11443
11445
11446
11449
11450
11451
11452
11453
11454
11455
11456
11457
11458
11459
11461
11462
11463
11464
11466
11467
11468
11470
11471
11472
11473
11474
11475
11476
11477
11478
11479
11487
11493
11494
11495
11496
11497
11498
11499
11500
11501
11502
11503
11504
11505
11507
11508
11511
11512
11513
11514
11515
11516
11517
11518
11519
11520
11525
11527
11528
11529
11530
11532
11533
11543
11545
11546
11551
11552
11553
11554
11557
11559
11560
11561
11562
11563
11564
11565
11566
11567
11571
11572
11573
11575
11576
11577
11578
11579
11580
11581
11586
11587
11588
11589
11591
11593
11594
11595
11596
11597
11598
11599
11606
11607
11608
11609
11610
11611
11612
11614
11616
11617
11619
11620
11621
11622
11623
11624
11625
11626
11627
11628
11629
11630
11631
11632
11633
11634
11635
11636
11637
11638
11639
11640
11641
11642
11643
11644
11645
11650
11651
11652
11661
11662
11664
11665
11667
11669
11674
11676
11683
11684
11685
11687
11688
11691
11692
11693
11701
11702
11703
11705
11711
11715
11716
11723
11724
11727
11728
11729
11731
11732
11734
11735
11736
11737
11738
11739
11740
11741
11742
11745
11746
11747
11748
11750
11751
11752
11753
11754
11755
11756
11759
11761
11762
11763
11765
11766
11769
11770
11771
11772
11773
11774
11775
11776
11777
11778
11779
11780
11781
11784
11785
11786
11788
11789
11790
11792
11793
11796
11797
11798
11799
11800
11807
11808
11811
11812
11815
11816
11817
11818
11819
11820
11822
11824
11826
11827
11828
11829
11830
11831
11832
11833
11834
11835
11836
11837
11838
11841
11842
11844
11845
11846
11847
11852
11853
11854
11855
11857
11858
11862
11863
11864
11865
11868
11872
11873
