33
34
46
49
63
68
72
79
87
93
94
121
128
129
130
132
139
144
145
147
163
166
173
175
184
185
191
194
195
196
221
222
223
233
234
239
264
265
267
274
276
278
283
284
290
294
301
305
307
320
322
327
331
332
333
334
336
344
346
349
353
355
356
358
359
360
361
376
385
386
387
391
392
393
394
395
396
397
398
410
411
412
425
435
436
437
438
441
457
460
463
466
468
469
477
484
486
494
501
509
512
517
518
522
524
525
534
535
539
541
557
559
567
588
591
618
622
623
633
639
652
653
662
676
689
697
709
723
726
727
729
731
741
742
743
754
761
763
766
767
779
784
795
802
803
805
806
808
809
810
811
812
813
814
827
829
834
836
838
842
844
847
870
877
878
879
881
882
883
884
885
919
923
930
946
947
948
949
950
955
958
966
975
976
977
978
994
996
999
1004
1012
1021
1022
1023
1024
1034
1035
1036
1037
1038
1055
1094
1096
1101
1109
1110
1111
1113
1126
1131
1134
1139
1140
1144
1147
1149
1150
1152
1158
1161
1167
1168
1169
1172
1173
1185
1186
1194
1195
1198
1199
1200
1202
1203
1206
1208
1215
1216
1225
1228
1229
1239
1250
1251
1253
1266
1308
1309
1312
1313
1314
1315
1316
1319
1320
1333
1334
1335
1338
1350
1351
1352
1353
1369
1371
1374
1375
1376
1377
1378
1379
1380
1381
1382
1383
1384
1385
1386
1390
1391
1392
1397
1398
1399
1400
1401
1417
1419
1440
1441
1442
1455
1459
1463
1477
1478
1480
1483
1484
1488
1512
1513
1514
1522
1523
1526
1527
1538
1540
1541
1556
1570
1575
1584
1585
1589
1598
1609
1616
1617
1626
1628
1633
1639
1647
1657
1674
1676
1689
1691
1692
1694
1703
1717
1720
1725
1726
1727
1736
1741
1742
1743
1751
1769
1771
1775
1778
1791
1794
1801
1803
1804
1808
1810
1812
1819
1821
1827
1828
1836
1843
1856
1859
1864
1866
1869
1870
1871
1873
1878
1898
1899
1901
1917
1928
1938
1947
1948
1949
1953
1960
1961
1962
1968
1969
1971
1972
1975
1976
1979
1982
1984
1985
1992
1993
2000
2002
2003
2007
2008
2009
2010
2011
2012
2013
2015
2016
2018
2019
2020
2021
2022
2030
2045
2046
2048
2049
2052
2055
2059
2065
2081
2089
2092
2093
2094
2096
2099
2100
2103
2104
2107
2119
2120
2123
2127
2131
2132
2135
2137
2138
2139
2140
2141
2142
2143
2144
2152
2153
2157
2167
2168
2170
2172
2174
2175
2196
2219
2231
2232
2234
2236
2239
2242
2246
2250
2251
2256
2259
2260
2272
2302
2308
2328
2329
2332
2334
2339
2343
2344
2356
2357
2360
2367
2368
2369
2377
2388
2398
2403
2404
2405
2410
2411
2412
2413
2414
2416
2417
2418
2419
2420
2429
2432
2447
2448
2457
2462
2466
2467
2472
2473
2475
2478
2482
2483
2492
2495
2498
2499
2500
2501
2502
2506
2510
2511
2515
2517
2523
2524
2526
2527
2531
2532
2539
2540
2553
2556
2560
2566
2574
2576
2587
2589
2590
2592
2595
2597
2598
2600
2603
2604
2606
2607
2617
2620
2628
2629
2640
2645
2649
2650
2652
2656
2667
2669
2672
2675
2678
2686
2693
2697
2698
2700
2704
2710
2717
2718
2721
2723
2724
2726
2727
2728
2729
2730
2731
2732
2735
2736
2748
2752
2753
2765
2767
2768
2781
2786
2795
2797
2799
2803
2806
2807
2808
2815
2816
2820
2829
2830
2832
2833
2834
2835
2836
2837
2847
2858
2871
2873
2874
2880
2882
2883
2884
2885
2890
2892
2894
2897
2898
2899
2901
2903
2908
2910
2914
2915
2916
2917
2919
2920
2921
2924
2926
2930
2931
2932
2936
2941
2942
2952
2955
2956
2958
2959
2963
2965
2966
2970
2971
2979
2981
2984
2985
3003
3010
3012
3013
3020
3025
3026
3028
3032
3036
3038
3042
3047
3065
3066
3071
3072
3075
3076
3077
3078
3079
3080
3081
3084
3085
3086
3087
3099
3100
3102
3111
3115
3126
3129
3130
3137
3146
3150
3164
3165
3171
3174
3178
3181
3184
3192
3193
3195
3202
3204
3211
3215
3219
3250
3252
3253
3256
3258
3262
3263
3267
3270
3274
3275
3277
3280
3281
3283
3284
3285
3287
3288
3293
3295
3297
3304
3306
3309
3312
3317
3324
3327
3328
3330
3332
3339
3360
3364
3367
3372
3373
3377
3381
3383
3390
3398
3400
3402
3408
3409
3410
3413
3416
3417
3422
3425
3426
3428
3433
3436
3437
3440
3448
3451
3452
3458
3462
3468
3469
3472
3473
3477
3483
3484
3486
3490
3492
3493
3501
3504
3509
3510
3511
3512
3516
3517
3518
3519
3520
3521
3524
3525
3527
3528
3529
3531
3532
3535
3540
3545
3547
3550
3553
3558
3579
3584
3587
3592
3599
3602
3603
3604
3607
3616
3618
3619
3620
3622
3623
3625
3628
3631
3642
3643
3645
3647
3649
3651
3658
3661
3666
3667
3668
3678
3680
3684
3685
3695
3698
3703
3711
3719
3732
3733
3739
3746
3747
3750
3764
3767
3772
3774
3781
3787
3798
3799
3800
3805
3806
3807
3812
3813
3816
3819
3839
3845
3858
3873
3874
3875
3878
3881
3884
3887
3888
3889
3893
3905
3913
3915
3924
3929
3930
3933
3935
3941
3950
3952
3953
3954
3961
3964
3965
3969
3970
3971
3972
3976
3980
3981
3984
3985
3994
4003
4008
4015
4016
4018
4021
4022
4024
4025
4036
4038
4039
4040
4042
4043
4044
4045
4048
4050
4051
4052
4058
4062
4070
4072
4073
4075
4080
4081
4082
4084
4085
4087
4090
4091
4094
4096
4099
4102
4103
4104
4105
4106
4109
4110
4112
4113
4115
4116
4117
4118
4119
4121
4123
4125
4126
4127
4131
4132
4135
4136
4137
4138
4139
4140
4141
4142
4145
4146
4147
4149
4152
4155
4156
4157
4158
4160
4161
4162
4167
4168
4173
4174
4175
4185
4186
4190
4192
4193
4194
4195
4196
4197
4199
4201
4204
4206
4207
4210
4211
4212
4219
4224
4231
4234
4235
4236
4237
4239
4241
4243
4246
4247
4249
4255
4264
4266
4285
4290
4294
4295
4304
4305
4309
4310
4311
4312
4313
4316
4321
4324
4325
4326
4328
4329
4334
4335
4338
4340
4341
4348
4352
4355
4358
4359
4361
4362
4364
4365
4366
4367
4370
4371
4376
4378
4380
4381
4383
4384
4390
4391
4394
4398
4399
4403
4405
4406
4409
4412
4415
4427
4440
4441
4448
4455
4459
4460
4463
4464
4465
4467
4468
4479
4482
4483
4485
4486
4493
4494
4495
4496
4503
4504
4506
4509
4510
4511
4512
4513
4514
4515
4517
4518
4519
4522
4524
4526
4527
4528
4535
4539
4540
4541
4542
4543
4545
4547
4549
4550
4551
4552
4553
4560
4564
4567
4568
4569
4575
4579
4583
4584
4585
4587
4590
4604
4607
4614
4618
4620
4624
4625
4629
4631
4634
4638
4642
4643
4644
4648
4650
4652
4655
4656
4669
4671
4672
4674
4675
4696
4697
4698
4702
4703
4708
4710
4715
4718
4719
4722
4725
4731
4736
4740
4756
4762
4770
4772
4776
4780
4781
4783
4785
4800
4801
4802
4803
4804
4808
4811
4816
4823
4824
4846
4855
4856
4857
4877
4878
4879
4882
4887
4894
4901
4902
4903
4904
4905
4908
4910
4911
4916
4925
4926
4927
4928
4930
4934
4935
4940
4949
4950
4952
4954
4955
4956
4957
4958
4968
4969
4979
4987
4990
4991
4992
4993
5000
5007
5009
5013
5014
5019
5020
5022
5023
5024
5025
5026
5029
5030
5049
5050
5052
5053
5055
5062
5113
5114
5120
5121
5122
5125
5127
5128
5129
5130
5131
5132
5142
5159
5167
5170
5172
5174
5175
5177
5178
5180
5184
5185
5188
5189
5190
5194
5196
5197
5198
5206
5207
5209
5212
5214
5215
5216
5217
5218
5221
5222
5226
5228
5229
5230
5231
5233
5234
5237
5238
5240
5242
5243
5246
5247
5248
5249
5250
5253
5257
5258
5270
5273
5277
5298
5300
5304
5305
5306
5307
5308
5309
5310
5311
5314
5317
5318
5319
5322
5324
5325
5326
5331
5334
5337
5338
5346
5355
5357
5359
5360
5361
5362
5363
5366
5378
5380
5381
5389
5391
5392
5393
5397
5407
5409
5413
5414
5415
5416
5417
5425
5426
5427
5430
5441
5446
5448
5452
5453
5454
5460
5461
5466
5471
5474
5485
5487
5488
5489
5496
5499
5504
5510
5514
5521
5529
5530
5531
5534
5537
5540
5543
5551
5554
5560
5562
5566
5567
5572
5573
5574
5582
5586
5587
5588
5590
5591
5592
5593
5597
5598
5599
5600
5601
5602
5603
5604
5605
5606
5607
5608
5610
5613
5614
5620
5621
5624
5629
5630
5631
5632
5633
5636
5637
5640
5642
5643
5644
5647
5653
5654
5657
5664
5673
5674
5675
5676
5677
5678
5679
5684
5687
5688
5692
5703
5706
5709
5710
5711
5717
5719
5722
5724
5726
5732
5733
5734
5735
5736
5756
5765
5767
5771
5775
5786
5791
5792
5793
5794
5796
5797
5798
5799
5800
5803
5804
5806
5807
5808
5813
5817
5818
5819
5820
5822
5823
5824
5826
5827
5828
5829
5830
5831
5832
5834
5835
5836
5838
5840
5841
5842
5843
5844
5845
5850
5851
5853
5855
5856
5858
5860
5861
5865
5869
5870
5873
5875
5876
5877
5878
5884
5885
5886
5887
5889
5892
5893
5894
5895
5897
5899
5900
5904
5906
5907
5908
5909
5910
5911
5912
5913
5914
5922
5923
5925
5928
5929
5930
5931
5932
5934
5935
5936
5937
5938
5939
5940
5941
5942
5943
5956
5959
5961
5964
5967
5968
5973
5974
5980
5981
5983
5986
5988
5989
5995
5997
6006
6007
6012
6013
6014
6016
6017
6021
6027
6028
6032
6038
6040
6041
6044
6054
6064
6070
6071
6078
6081
6082
6083
6086
6087
6095
6097
6102
6109
6110
6111
6112
6113
6114
6118
6119
6133
6146
6147
6149
6155
6157
6162
6163
6167
6168
6169
6171
6172
6176
6177
6178
6185
6190
6193
6194
6195
6198
6201
6205
6206
6207
6213
6214
6217
6220
6222
6225
6226
6227
6229
6231
6232
6233
6234
6240
6243
6246
6251
6252
6262
6266
6285
6290
6291
6292
6293
6294
6295
6296
6297
6298
6301
6302
6304
6317
6336
6340
6342
6343
6353
6354
6358
6363
6374
6376
6377
6379
6390
6391
6392
6399
6400
6412
6413
6414
6416
6431
6432
6440
6441
6454
6458
6464
6483
6489
6491
6492
6506
6507
6508
6509
6511
6512
6513
6521
6523
6530
6533
6537
6538
6556
6557
6558
6559
6565
6569
6574
6586
6591
6597
6602
6608
6611
6612
6613
6614
6616
6617
6618
6619
6620
6622
6623
6624
6625
6626
6627
6628
6629
6630
6631
6632
6633
6634
6641
6657
6663
6667
6668
6669
6671
6674
6675
6682
6683
6684
6685
6690
6692
6693
6702
6706
6709
6710
6715
6717
6718
6719
6720
6738
6739
6741
6743
6744
6746
6749
6751
6754
6755
6760
6762
6763
6769
6772
6773
6774
6775
6792
6793
6794
6795
6796
6799
6812
6814
6815
6816
6817
6823
6828
6830
6831
6832
6833
6834
6835
6836
6839
6840
6845
6846
6851
6852
6857
6858
6861
6865
6866
6872
6877
6890
6891
6898
6899
6902
6910
6911
6916
6930
6931
6933
6939
6946
6951
6970
6971
6972
6973
6974
6975
6989
6996
6997
6998
7001
7002
7007
7008
7009
7010
7011
7012
7015
7016
7019
7021
7022
7026
7027
7028
7032
7040
7041
7044
7045
7046
7048
7049
7050
7051
7052
7055
7056
7058
7068
7069
7073
7074
7075
7079
7083
7088
7089
7090
7092
7093
7094
7095
7102
7104
7108
7109
7110
7111
7119
7124
7126
7127
7129
7131
7132
7136
7145
7154
7155
7158
7160
7161
7162
7163
7164
7171
7175
7176
7177
7178
7184
7186
7187
7188
7189
7193
7198
7199
7213
7215
7216
7218
7219
7229
7230
7233
7234
7237
7239
7240
7242
7243
7248
7250
7259
7262
7264
7270
7271
7283
7288
7289
7295
7296
7297
7299
7300
7301
7321
7322
7323
7324
7326
7329
7334
7335
7336
7337
7338
7339
7340
7341
7342
7349
7350
7351
7353
7355
7356
7359
7360
7362
7363
7364
7365
7366
7367
7370
7371
7380
7381
7382
7385
7389
7390
7392
7393
7394
7396
7398
7402
7407
7408
7411
7413
7414
7417
7420
7431
7432
7434
7435
7438
7439
7441
7443
7444
7445
7446
7447
7448
7449
7450
7451
7454
7459
7463
7464
7467
7468
7475
7478
7482
7484
7487
7490
7492
7499
7500
7501
7526
7527
7528
7537
7538
7539
7542
7543
7546
7547
7555
7556
7557
7560
7564
7565
7568
7574
7580
7581
7592
7594
7595
7596
7599
7600
7601
7602
7607
7608
7610
7612
7613
7615
7616
7617
7620
7622
7624
7628
7631
7632
7633
7635
7636
7643
7646
7647
7649
7664
7665
7667
7668
7671
7677
7678
7679
7682
7683
7684
7686
7691
7693
7694
7701
7707
7708
7709
7711
7717
7718
7719
7720
7723
7724
7725
7727
7728
7730
7732
7738
7739
7740
7743
7747
7752
7753
7755
7772
7773
7774
7779
7784
7786
7790
7797
7798
7799
7801
7802
7803
7804
7806
7807
7808
7809
7810
7811
7812
7813
7820
7824
7825
7827
7828
7829
7831
7833
7839
7840
7842
7844
7845
7846
7848
7856
7858
7859
7860
7862
7863
7864
7866
7867
7869
7870
7871
7878
7879
7880
7882
7883
7887
7888
7889
7892
7893
7895
7900
7906
7909
7910
7912
7913
7915
7917
7918
7924
7926
7927
7929
7933
7936
7937
7938
7941
7942
7943
7948
7949
7955
7958
7960
7961
7962
7963
7964
7965
7966
7973
7975
7976
7987
7990
7991
7992
7993
8002
8003
8004
8007
8011
8014
8016
8019
8021
8022
8026
8027
8029
8030
8031
8032
8033
8034
8035
8036
8037
8038
8039
8040
8042
8043
8044
8046
8047
8048
8051
8052
8053
8054
8055
8059
8065
8066
8086
8105
8115
8121
8122
8123
8125
8126
8128
8134
8135
8144
8145
8146
8147
8149
8165
8166
8167
8172
8184
8185
8186
8189
8191
8193
8199
8205
8206
8213
8215
8216
8218
8219
8220
8250
8252
8255
8256
8257
8258
8259
8270
8271
8272
8273
8274
8275
8278
8279
8283
8287
8289
8290
8293
8305
8308
8315
8316
8317
8320
8321
8324
8332
8333
8335
8338
8345
8354
8355
8356
8357
8360
8361
8366
8381
8389
8401
8405
8406
8413
8416
8424
8425
8426
8427
8428
8430
8431
8432
8436
8438
8440
8441
8442
8443
8445
8446
8447
8448
8460
8462
8473
8474
8478
8480
8485
8491
8493
8496
8503
8517
8520
8521
8524
8526
8537
8538
8539
8540
8544
8545
8546
8549
8550
8552
8553
8554
8558
8559
8572
8580
8581
8582
8583
8584
8586
8587
8588
8589
8590
8591
8594
8595
8598
8604
8605
8606
8607
8609
8615
8617
8618
8624
8633
8634
8635
8636
8637
8638
8639
8640
8641
8642
8643
8644
8645
8646
8647
8648
8649
8656
8663
8665
8666
8669
8676
8680
8681
8686
8689
8690
8696
8699
8700
8705
8709
8712
8721
8723
8731
8734
8735
8737
8738
8741
8742
8747
8750
8751
8756
8757
8758
8759
8760
8762
8764
8766
8767
8768
8770
8771
8775
8777
8786
8787
8789
8790
8797
8802
8804
8806
8807
8808
8809
8811
8813
8814
8819
8820
8822
8825
8826
8827
8828
8830
8831
8832
8833
8844
8848
8849
8852
8863
8874
8876
8888
8889
8890
8891
8904
8905
8912
8917
8918
8919
8929
8931
8937
8939
8945
8946
8947
8951
8957
8964
8965
8970
8971
8972
8973
8979
8991
8993
9009
9010
9012
9017
9018
9019
9020
9021
9024
9025
9027
9028
9031
9034
9035
9036
9039
9040
9045
9046
9047
9049
9053
9054
9059
9060
9068
9071
9074
9075
9076
9078
9079
9086
9088
9089
9090
9094
9095
9096
9097
9101
9102
9103
9104
9106
9109
9110
9111
9113
9121
9127
9130
9134
9135
9136
9146
9149
9150
9151
9153
9156
9159
9162
9164
9165
9166
9169
9183
9185
9186
9193
9197
9198
9199
9202
9204
9205
9221
9222
9230
9238
9240
9241
9242
9243
9257
9261
9265
9268
9270
9280
9288
9289
9293
9294
9295
9296
9309
9310
9311
9312
9314
9316
9320
9321
9328
9330
9332
9333
9334
9335
9336
9337
9338
9340
9355
9356
9363
9364
9370
9372
9378
9382
9383
9384
9392
9393
9394
9395
9399
9402
9410
9411
9413
9414
9416
9418
9420
9421
9422
9423
9425
9426
9428
9429
9430
9435
9436
9437
9438
9439
9440
9441
9454
9457
9458
9466
9479
9480
9482
9483
9484
9485
9486
9487
9488
9489
9490
9491
9492
9493
9495
9499
9500
9501
9506
9507
9511
9512
9513
9521
9524
9528
9529
9531
9534
9535
9538
9539
9540
9541
9545
9548
9550
9551
9552
9553
9554
9555
9561
9563
9567
9568
9569
9570
9571
9572
9573
9574
9578
9580
9583
9586
9588
9591
9598
9599
9601
9606
9608
9610
9615
9618
9619
9620
9626
9631
9632
9633
9634
9635
9637
9640
9641
9643
9645
9647
9648
9650
9652
9653
9654
9655
9656
9657
9661
9662
9663
9664
9669
9670
9671
9673
9674
9675
9676
9689
9690
9695
9696
9699
9701
9702
9707
9710
9727
9731
9733
9734
9737
9741
9742
9743
9746
9747
9748
9749
9751
9753
9754
9756
9758
9759
9763
9777
9778
9781
9782
9786
9787
9788
9789
9792
9796
9797
9799
9800
9801
9808
9809
9811
9822
9823
9824
9825
9826
9827
9829
9831
9832
9833
9837
9838
9839
9841
9842
9843
9849
9852
9854
9855
9858
9859
9863
9864
9868
9869
9871
9872
9878
9880
9881
9889
9890
9893
9894
9895
9896
9897
9898
9899
9900
9905
9909
9910
9911
9912
9913
9914
9915
9919
9920
9922
9927
9930
9938
9939
9945
9946
9947
9948
9949
9950
9951
9952
9953
9958
9959
9960
9964
9972
9976
9977
9978
9980
9984
9985
9986
9987
9988
9989
9990
9991
9992
9993
9994
9995
9998
10001
10003
10005
10006
10009
10011
10014
10016
10017
10018
10021
10042
10043
10051
10052
10053
10056
10057
10058
10059
10060
10061
10063
10064
10070
10074
10075
10077
10079
10080
10081
10083
10084
10085
10086
10087
10088
10089
10090
10092
10093
10094
10096
10098
10099
10100
10102
10103
10107
10110
10112
10116
10120
10121
10123
10124
10125
10126
10133
10136
10137
10138
10143
10144
10145
10154
10155
10157
10161
10162
10163
10164
10169
10170
10171
10172
10177
10178
10179
10180
10182
10183
10186
10188
10189
10190
10191
10205
10206
10207
10211
10213
10216
10218
10222
10223
10229
10230
10232
10235
10237
10240
10242
10243
10244
10245
10249
10254
10258
10259
10263
10264
10273
10274
10275
10276
10277
10278
10281
10291
10296
10300
10302
10303
10306
10315
10316
10317
10318
10319
10320
10321
10330
10331
10332
10333
10338
10342
10343
10345
10348
10349
10350
10351
10371
10377
10380
10381
10382
10383
10384
10385
10389
10390
10393
10394
10395
10396
10397
10398
10399
10401
10402
10403
10404
10406
10407
10412
10413
10414
10415
10419
10440
10441
10443
10450
10451
10452
10453
10454
10455
10456
10460
10476
10478
10484
10486
10490
10492
10493
10494
10495
10497
10500
10502
10503
10504
10506
10507
10508
10513
10516
10520
10521
10524
10526
10527
10529
10530
10535
10540
10541
10544
10545
10546
10549
10554
10558
10559
10562
10568
10573
10574
10576
10577
10580
10581
10582
10585
10588
10589
10590
10592
10594
10595
10596
10598
10604
10607
10616
10618
10619
10621
10623
10624
10626
10627
10628
10629
10631
10632
10634
10640
10643
10645
10646
10649
10650
10651
10652
10658
10659
10664
10665
10670
10681
10682
10684
10688
10692
10694
10695
10699
10701
10702
10704
10706
10708
10715
10716
10717
10721
10722
10723
10724
10729
10733
10738
10739
10740
10745
10756
10762
10765
10770
10771
10772
10773
10774
10775
10776
10778
10779
10780
10782
10786
10797
10798
10799
10800
10801
10802
10806
10812
10813
10815
10818
10824
10826
10827
10828
10831
10832
10833
10834
10835
10839
10843
10850
10851
10852
10853
10854
10856
10857
10858
10859
10862
10863
10865
10866
10867
10870
10874
10875
10895
10900
10901
10902
10903
10906
10909
10910
10923
10924
10925
10927
10929
10932
10936
10941
10943
10944
10945
10946
10950
10951
10953
10954
10956
10958
10959
10960
10961
10962
10963
10967
10968
10981
10988
10993
10994
10996
11002
11004
11014
11015
11016
11017
11018
11023
11024
11025
11030
11031
11035
11036
11037
11041
11042
11043
11048
11053
11054
11055
11056
11057
11058
11064
11066
11067
11068
11075
11076
11081
11083
11085
11091
11092
11093
11096
11105
11110
11111
11112
11113
11115
11121
11126
11134
11135
11137
11142
11144
11147
11148
11149
11150
11151
11152
11157
11158
11159
11160
11161
11164
11165
11166
11167
11169
11170
11171
11176
11177
11178
11179
11182
11183
11188
11189
11190
11192
11193
11194
11195
11196
11197
11200
11201
11203
11204
11206
11207
11208
11220
11222
11223
11224
11225
11226
11227
11237
11238
11239
11240
11245
11246
11247
11248
11249
11252
11253
11254
11258
11261
11262
11268
11269
11272
11275
11280
11286
11287
11294
11295
11296
11298
11312
11313
11315
11317
11319
11321
11322
11323
11324
11325
11326
11327
11328
11329
11330
11333
11334
11335
11343
11345
11346
11347
11348
11349
11350
11351
11352
11355
11373
11374
11377
11378
11382
11383
11384
11385
11390
11391
11392
11399
11400
11401
11402
11403
11404
11405
11406
11407
11408
11421
11424
11428
11433
11437
11438
11439
11440
11441
11442
11444
11447
11448
11465
11469
11480
11481
11482
11483
11484
11485
11486
11488
11489
11490
11491
11492
11506
11509
11510
11521
11522
11523
11524
11526
11531
11534
11535
11536
11537
11538
11539
11540
11541
11542
11544
11547
11548
11549
11550
11555
11556
11558
11568
11569
11570
11574
11582
11583
11584
11585
11590
11592
11600
11601
11602
11603
11604
11613
11615
11618
11646
11647
11648
11649
11653
11654
11655
11656
11657
11658
11659
11660
11663
11666
11668
11670
11671
11672
11673
11675
11677
11678
11679
11680
11681
11682
11686
11689
11690
11694
11696
11697
11698
11699
11700
11704
11706
11707
11708
11709
11710
11712
11713
11714
11717
11718
11719
11720
11721
11722
11725
11726
11730
11733
11743
11744
11749
11757
11758
11760
11764
11767
11768
11782
11783
11787
11791
11794
11795
11801
11802
11803
11804
11805
11806
11809
11810
11813
11814
11821
11823
11825
11839
11840
11843
11848
11849
11850
11851
11856
11859
11860
11861
11866
11867
11869
11870
11871
11874
11875
